1, False, -11, 2, 2, 0.29997
2, False, -25, 14, 2, 0.29994
3, False, -10, 1, 1, 0.29991
4, False, -15, 4, 2, 0.29988
5, False, -9, 6, 1, 0.29985
6, False, -10, 1, 1, 0.29982
7, False, -20, 13, 2, 0.29979
8, False, -11, 2, 1, 0.29975999999999997
9, False, -18, 11, 1, 0.29973
10, False, -17, 6, 2, 0.29969999999999997
11, False, -20, 7, 1, 0.29967
12, False, -16, 5, 2, 0.29963999999999996
13, False, -27, 8, 2, 0.29961
14, False, -12, 3, 2, 0.29958
15, False, -23, 10, 2, 0.29955
16, False, -10, 1, 0, 0.29952
17, False, -15, 4, 1, 0.29949
18, False, -10, 1, 0, 0.29946
19, False, -26, 9, 3, 0.29943
20, False, -10, 1, 0, 0.2994
21, False, -15, 4, 0, 0.29936999999999997
22, False, -15, 4, 2, 0.29934
23, False, -15, 4, 1, 0.29930999999999996
24, False, -10, 1, 0, 0.29928
25, False, -11, 2, 2, 0.29925
26, False, -10, 1, 0, 0.29922
27, False, -15, 4, 0, 0.29919
28, False, -14, 11, 2, 0.29916
29, False, -17, 6, 2, 0.29913
30, False, -14, 3, 1, 0.2991
31, False, -19, 6, 1, 0.29907
32, False, -10, 1, 0, 0.29904
33, False, -10, 1, 0, 0.29901
34, False, -13, 2, 0, 0.29897999999999997
35, False, -10, 1, 1, 0.29895
36, False, -10, 1, 0, 0.29891999999999996
37, False, -10, 1, 1, 0.29889
38, False, -14, 5, 3, 0.29886
39, False, -17, 4, 1, 0.29883
40, False, -10, 1, 0, 0.2988
41, False, -10, 1, 0, 0.29877
42, False, -7, 4, 2, 0.29874
43, False, -10, 1, 1, 0.29871
44, False, -10, 1, 1, 0.29868
45, False, -10, 1, 0, 0.29864999999999997
46, False, -12, 3, 2, 0.29862
47, False, -25, 8, 2, 0.29858999999999997
48, False, -15, 10, 0, 0.29856
49, False, -10, 1, 0, 0.29852999999999996
50, False, -10, 1, 0, 0.2985
51, False, -10, 1, 0, 0.29847
52, False, -15, 4, 1, 0.29844
53, False, -15, 4, 0, 0.29841
54, False, -10, 1, 0, 0.29838
55, False, -14, 5, 1, 0.29835
56, False, -10, 1, 0, 0.29832
57, False, -11, 2, 1, 0.29829
58, False, -10, 1, 0, 0.29825999999999997
59, False, -10, 1, 1, 0.29823
60, False, -11, 2, 0, 0.29819999999999997
61, False, -11, 2, 1, 0.29817
62, False, -10, 1, 1, 0.29814
63, False, -15, 4, 0, 0.29811
64, False, -10, 1, 1, 0.29808
65, False, -10, 1, 0, 0.29805
66, False, -10, 1, 0, 0.29802
67, False, -10, 1, 0, 0.29799
68, False, -14, 5, 3, 0.29796
69, False, -10, 1, 0, 0.29793
70, False, -10, 1, 1, 0.2979
71, False, -11, 2, 0, 0.29786999999999997
72, False, -18, 5, 0, 0.29784
73, False, -12, 3, 1, 0.29780999999999996
74, False, -10, 1, 0, 0.29778
75, False, -10, 1, 0, 0.29775
76, False, -11, 2, 0, 0.29772
77, False, -11, 2, 1, 0.29769
78, False, -12, 3, 1, 0.29766
79, False, -8, 5, 0, 0.29763
80, False, -9, 6, 1, 0.2976
81, False, -11, 8, 1, 0.29757
82, False, -9, 4, 1, 0.29753999999999997
83, False, -7, 4, 2, 0.29751
84, False, -10, 1, 1, 0.29747999999999997
85, False, -12, 3, 2, 0.29745
86, False, -11, 2, 1, 0.29741999999999996
87, False, -13, 8, 2, 0.29739
88, False, -7, 4, 1, 0.29736
89, False, -12, 7, 1, 0.29733
90, False, -11, 8, 0, 0.2973
91, False, -17, 6, 3, 0.29727
92, False, -13, 4, 2, 0.29724
93, True, 8, 9, 2, 0.29721
94, False, -8, 5, 1, 0.29718
95, False, -18, 13, 4, 0.29714999999999997
96, False, -11, 2, 2, 0.29712
97, False, -14, 11, 4, 0.29708999999999997
98, False, -9, 6, 2, 0.29706
99, False, -8, 5, 0, 0.29703
100, False, -8, 5, 0, 0.297
101, False, -8, 5, 2, 0.29697
102, False, -8, 5, 0, 0.29694
103, False, -6, 3, 1, 0.29691
104, False, -15, 10, 0, 0.29688
105, False, -10, 1, 1, 0.29685
106, False, -9, 6, 1, 0.29682
107, False, -16, 5, 2, 0.29679
108, False, -7, 4, 1, 0.29675999999999997
109, False, -10, 1, 1, 0.29673
110, False, -7, 4, 1, 0.29669999999999996
111, False, -7, 4, 1, 0.29667
112, False, -10, 1, 1, 0.29664
113, False, -11, 2, 1, 0.29661
114, False, -6, 3, 0, 0.29658
115, False, -6, 3, 1, 0.29655
116, False, -6, 3, 0, 0.29652
117, False, -11, 2, 1, 0.29649
118, False, -11, 2, 1, 0.29646
119, False, -8, 5, 0, 0.29642999999999997
120, False, -6, 3, 0, 0.2964
121, False, -6, 3, 0, 0.29636999999999997
122, False, -11, 2, 1, 0.29634
123, False, -7, 4, 1, 0.29630999999999996
124, False, -6, 3, 0, 0.29628
125, False, -11, 2, 2, 0.29625
126, False, -10, 1, 1, 0.29622
127, False, -10, 7, 1, 0.29619
128, False, -10, 1, 1, 0.29616
129, False, -6, 3, 0, 0.29613
130, False, -6, 3, 1, 0.2961
131, False, -11, 2, 1, 0.29607
132, False, -15, 6, 3, 0.29603999999999997
133, False, -6, 3, 0, 0.29601
134, False, -14, 5, 2, 0.29597999999999997
135, False, -8, 5, 1, 0.29595
136, False, -6, 3, 0, 0.29591999999999996
137, False, -6, 3, 0, 0.29589
138, False, -7, 4, 2, 0.29586
139, False, -6, 3, 0, 0.29583
140, False, -10, 1, 1, 0.2958
141, False, -11, 2, 1, 0.29577
142, False, -11, 2, 1, 0.29574
143, False, -8, 5, 1, 0.29571
144, False, -12, 3, 1, 0.29568
145, False, -7, 4, 1, 0.29564999999999997
146, False, -6, 3, 0, 0.29562
147, False, -6, 3, 0, 0.29558999999999996
148, False, -6, 3, 1, 0.29556
149, False, -15, 4, 2, 0.29553
150, False, -11, 2, 1, 0.2955
151, False, -8, 5, 1, 0.29547
152, False, -6, 3, 0, 0.29544
153, False, -8, 5, 1, 0.29541
154, False, -11, 2, 1, 0.29538
155, False, -12, 3, 3, 0.29535
156, False, -6, 3, 0, 0.29531999999999997
157, False, -6, 3, 0, 0.29529
158, False, -16, 7, 3, 0.29525999999999997
159, False, -6, 3, 1, 0.29523
160, False, -9, 4, 2, 0.29519999999999996
161, False, -11, 2, 1, 0.29517
162, False, -11, 2, 1, 0.29514
163, False, -6, 3, 0, 0.29511
164, False, -6, 3, 0, 0.29508
165, False, -11, 2, 1, 0.29505
166, False, -6, 3, 0, 0.29502
167, False, -12, 3, 1, 0.29499
168, False, -7, 4, 2, 0.29496
169, False, -6, 3, 0, 0.29492999999999997
170, False, -12, 3, 2, 0.2949
171, False, -13, 2, 1, 0.29486999999999997
172, False, -13, 4, 2, 0.29484
173, False, -11, 2, 1, 0.29481
174, False, -7, 4, 0, 0.29478
175, False, -12, 3, 2, 0.29475
176, False, -11, 2, 1, 0.29472
177, False, -7, 4, 0, 0.29469
178, False, -12, 3, 2, 0.29466
179, False, -10, 1, 1, 0.29463
180, False, -11, 2, 2, 0.2946
181, False, -7, 4, 0, 0.29457
182, False, -11, 2, 1, 0.29453999999999997
183, False, -12, 3, 1, 0.29451
184, False, -7, 4, 1, 0.29447999999999996
185, False, -7, 4, 0, 0.29445
186, False, -10, 1, 1, 0.29442
187, False, -11, 2, 2, 0.29439
188, False, -10, 1, 1, 0.29436
189, False, -11, 2, 1, 0.29433
190, False, -14, 5, 3, 0.2943
191, False, -11, 2, 1, 0.29427
192, False, -7, 4, 1, 0.29424
193, False, -10, 1, 1, 0.29420999999999997
194, False, -17, 6, 1, 0.29418
195, False, -12, 3, 1, 0.29414999999999997
196, False, -12, 3, 1, 0.29412
197, False, -15, 6, 3, 0.29408999999999996
198, False, -10, 1, 1, 0.29406
199, False, -13, 4, 1, 0.29403
200, False, -13, 4, 2, 0.294
201, False, -7, 4, 1, 0.29397
202, False, -15, 4, 1, 0.29394
203, False, -8, 5, 2, 0.29391
204, False, -10, 1, 1, 0.29388
205, False, -11, 2, 1, 0.29385
206, False, -10, 1, 1, 0.29381999999999997
207, False, -7, 4, 1, 0.29379
208, False, -7, 4, 1, 0.29375999999999997
209, False, -7, 4, 1, 0.29373
210, False, -12, 3, 1, 0.29369999999999996
211, False, -9, 6, 1, 0.29367
212, False, -7, 4, 1, 0.29364
213, False, -12, 3, 1, 0.29361
214, False, -10, 1, 1, 0.29358
215, False, -11, 8, 2, 0.29355
216, False, -11, 2, 1, 0.29352
217, False, -12, 3, 2, 0.29349
218, False, -10, 1, 1, 0.29346
219, False, -8, 5, 1, 0.29342999999999997
220, False, -13, 10, 4, 0.2934
221, False, -11, 2, 2, 0.29336999999999996
222, False, -7, 4, 1, 0.29334
223, False, -13, 10, 3, 0.29331
224, False, -18, 9, 2, 0.29328
225, False, -13, 10, 1, 0.29325
226, False, -11, 8, 1, 0.29322
227, False, -8, 5, 0, 0.29319
228, False, -12, 3, 1, 0.29316
229, False, -7, 4, 1, 0.29313
230, False, -11, 6, 1, 0.29309999999999997
231, False, -10, 1, 1, 0.29307
232, False, -10, 1, 1, 0.29303999999999997
233, False, -12, 3, 1, 0.29301
234, False, -11, 2, 1, 0.29297999999999996
235, False, -14, 9, 1, 0.29295
236, False, -12, 3, 2, 0.29292
237, False, -10, 7, 2, 0.29289
238, False, -12, 3, 1, 0.29286
239, False, -10, 1, 1, 0.29283
240, False, -11, 8, 1, 0.2928
241, False, -11, 2, 1, 0.29277
242, False, -12, 3, 2, 0.29274
243, False, -12, 3, 1, 0.29270999999999997
244, False, -12, 3, 2, 0.29268
245, False, -9, 6, 1, 0.29264999999999997
246, False, -13, 4, 3, 0.29262
247, False, -13, 8, 1, 0.29259
248, False, -9, 6, 1, 0.29256
249, False, -9, 6, 0, 0.29253
250, False, -11, 2, 1, 0.2925
251, False, -12, 9, 1, 0.29247
252, False, -11, 2, 1, 0.29244
253, False, -12, 3, 1, 0.29241
254, False, -11, 2, 1, 0.29238
255, False, -7, 4, 0, 0.29235
256, False, -11, 2, 1, 0.29231999999999997
257, False, -20, 9, 5, 0.29229
258, False, -11, 2, 1, 0.29225999999999996
259, False, -28, 11, 5, 0.29223
260, False, -12, 9, 3, 0.2922
261, False, -7, 4, 1, 0.29217
262, False, -14, 11, 2, 0.29214
263, False, -12, 3, 1, 0.29211
264, False, -12, 3, 1, 0.29208
265, False, -11, 2, 1, 0.29205
266, False, -11, 2, 2, 0.29202
267, False, -8, 5, 1, 0.29198999999999997
268, False, -11, 8, 1, 0.29196
269, False, -7, 4, 1, 0.29192999999999997
270, False, -10, 7, 2, 0.2919
271, False, -12, 3, 1, 0.29186999999999996
272, False, -10, 1, 1, 0.29184
273, False, -11, 2, 2, 0.29181
274, False, -16, 7, 3, 0.29178
275, False, -12, 3, 1, 0.29175
276, False, -12, 3, 1, 0.29172
277, False, -7, 4, 2, 0.29169
278, False, -11, 8, 2, 0.29166
279, False, -11, 2, 1, 0.29163
280, False, -11, 2, 1, 0.29159999999999997
281, False, -10, 1, 1, 0.29157
282, False, -13, 4, 2, 0.29153999999999997
283, False, -7, 4, 1, 0.29151
284, False, -9, 6, 1, 0.29147999999999996
285, False, -13, 4, 3, 0.29145
286, False, -10, 7, 2, 0.29142
287, False, -8, 5, 1, 0.29139
288, False, -12, 3, 2, 0.29136
289, False, -12, 3, 1, 0.29133
290, False, -8, 5, 1, 0.2913
291, False, -12, 3, 1, 0.29127
292, False, -12, 9, 1, 0.29124
293, False, -11, 2, 1, 0.29120999999999997
294, False, -11, 2, 1, 0.29118
295, False, -14, 3, 2, 0.29114999999999996
296, False, -20, 7, 3, 0.29112
297, False, -8, 5, 1, 0.29109
298, False, -10, 1, 1, 0.29106
299, False, -12, 3, 1, 0.29103
300, False, -11, 2, 1, 0.291
301, False, -11, 2, 2, 0.29097
302, False, -9, 6, 2, 0.29094
303, False, -10, 7, 1, 0.29091
304, False, -15, 4, 3, 0.29087999999999997
305, False, -7, 4, 1, 0.29085
306, False, -7, 4, 1, 0.29081999999999997
307, False, -12, 3, 1, 0.29079
308, False, -12, 3, 1, 0.29075999999999996
309, False, -10, 7, 1, 0.29073
310, False, -8, 5, 1, 0.2907
311, False, -8, 5, 0, 0.29067
312, False, -12, 7, 1, 0.29064
313, False, -8, 5, 2, 0.29061
314, False, -8, 5, 1, 0.29058
315, False, -12, 3, 1, 0.29055
316, False, -11, 2, 1, 0.29052
317, False, -19, 10, 2, 0.29048999999999997
318, False, -16, 7, 2, 0.29046
319, False, -9, 6, 2, 0.29042999999999997
320, False, -14, 5, 1, 0.2904
321, False, -12, 3, 2, 0.29037
322, False, -11, 2, 1, 0.29034
323, False, -7, 4, 1, 0.29031
324, False, -12, 3, 1, 0.29028
325, False, -12, 3, 1, 0.29025
326, False, -9, 6, 1, 0.29022
327, False, -12, 3, 1, 0.29019
328, False, -11, 2, 1, 0.29016
329, False, -13, 4, 2, 0.29013
330, False, -11, 2, 1, 0.29009999999999997
331, False, -11, 8, 0, 0.29007
332, False, -10, 7, 2, 0.29003999999999996
333, False, -12, 3, 1, 0.29001
334, False, -14, 3, 0, 0.28998
335, False, -10, 1, 1, 0.28995
336, False, -11, 2, 1, 0.28992
337, False, -11, 2, 1, 0.28989
338, False, -14, 11, 2, 0.28986
339, False, -11, 2, 2, 0.28983
340, False, -9, 6, 2, 0.2898
341, False, -12, 3, 1, 0.28976999999999997
342, False, -11, 2, 1, 0.28974
343, False, -14, 11, 1, 0.28970999999999997
344, False, -12, 3, 1, 0.28968
345, False, -12, 3, 1, 0.28964999999999996
346, False, -10, 1, 1, 0.28962
347, False, -10, 1, 1, 0.28959
348, False, -7, 4, 1, 0.28956
349, False, -8, 5, 1, 0.28953
350, False, -7, 4, 1, 0.2895
351, False, -13, 10, 1, 0.28947
352, False, -7, 4, 1, 0.28944
353, False, -13, 4, 2, 0.28941
354, False, -19, 8, 3, 0.28937999999999997
355, False, -11, 2, 1, 0.28935
356, False, -9, 6, 2, 0.28931999999999997
357, False, -11, 2, 2, 0.28929
358, False, -12, 3, 1, 0.28925999999999996
359, False, -11, 2, 1, 0.28923
360, False, -10, 1, 1, 0.2892
361, False, -10, 1, 1, 0.28917
362, False, -11, 8, 1, 0.28914
363, False, -12, 3, 1, 0.28911
364, False, -15, 4, 0, 0.28908
365, False, -8, 5, 1, 0.28905
366, False, -10, 7, 1, 0.28902
367, False, -10, 1, 1, 0.28898999999999997
368, False, -12, 9, 5, 0.28896
369, False, -10, 1, 1, 0.28892999999999996
370, False, -12, 9, 3, 0.2889
371, False, -14, 5, 2, 0.28886999999999996
372, False, -13, 4, 2, 0.28884
373, False, -12, 9, 1, 0.28881
374, False, -25, 10, 7, 0.28878
375, False, -10, 1, 1, 0.28875
376, False, -8, 5, 2, 0.28872
377, False, -12, 3, 1, 0.28869
378, False, -16, 7, 2, 0.28865999999999997
379, False, -13, 10, 2, 0.28863
380, False, -11, 2, 1, 0.28859999999999997
381, False, -7, 4, 1, 0.28857
382, False, -12, 3, 2, 0.28853999999999996
383, False, -18, 7, 1, 0.28851
384, False, -7, 4, 1, 0.28848
385, False, -12, 3, 1, 0.28845
386, False, -10, 7, 2, 0.28842
387, False, -11, 8, 1, 0.28839
388, False, -10, 1, 1, 0.28836
389, False, -18, 9, 3, 0.28833
390, False, -10, 1, 1, 0.2883
391, False, -12, 9, 2, 0.28826999999999997
392, False, -13, 4, 1, 0.28824
393, False, -21, 12, 1, 0.28820999999999997
394, False, -10, 1, 1, 0.28818
395, False, -11, 2, 1, 0.28814999999999996
396, False, -11, 8, 1, 0.28812
397, False, -12, 3, 1, 0.28809
398, False, -11, 2, 1, 0.28806
399, False, -14, 5, 2, 0.28803
400, False, -8, 5, 3, 0.288
401, False, -10, 7, 1, 0.28797
402, False, -11, 6, 0, 0.28794
403, False, -10, 7, 0, 0.28791
404, False, -13, 4, 2, 0.28787999999999997
405, False, -11, 2, 1, 0.28785
406, False, -12, 3, 1, 0.28781999999999996
407, False, -11, 2, 1, 0.28779
408, False, -7, 4, 1, 0.28776
409, False, -11, 2, 1, 0.28773
410, False, -9, 6, 1, 0.2877
411, False, -10, 1, 1, 0.28767
412, False, -8, 5, 1, 0.28764
413, False, -14, 5, 3, 0.28761
414, False, -11, 8, 1, 0.28758
415, False, -12, 3, 1, 0.28755
416, False, -9, 6, 1, 0.28752
417, False, -10, 1, 1, 0.28748999999999997
418, False, -9, 6, 0, 0.28746
419, False, -21, 8, 3, 0.28742999999999996
420, False, -14, 9, 3, 0.2874
421, False, -7, 4, 1, 0.28737
422, False, -8, 5, 1, 0.28734
423, False, -10, 1, 1, 0.28731
424, False, -18, 11, 2, 0.28728
425, False, -16, 9, 1, 0.28725
426, False, -10, 1, 1, 0.28722
427, False, -11, 8, 1, 0.28719
428, False, -11, 2, 1, 0.28715999999999997
429, False, -10, 1, 1, 0.28713
430, False, -12, 3, 1, 0.28709999999999997
431, False, -11, 2, 1, 0.28707
432, False, -13, 10, 2, 0.28703999999999996
433, False, -8, 5, 1, 0.28701
434, False, -10, 1, 1, 0.28698
435, False, -13, 10, 3, 0.28695
436, False, -10, 7, 0, 0.28692
437, False, -12, 3, 1, 0.28689
438, False, -13, 4, 1, 0.28686
439, False, -17, 14, 1, 0.28683
440, False, -9, 6, 1, 0.2868
441, False, -7, 4, 0, 0.28676999999999997
442, False, -13, 4, 1, 0.28674
443, False, -11, 2, 1, 0.28670999999999996
444, False, -12, 3, 2, 0.28668
445, False, -12, 3, 2, 0.28664999999999996
446, False, -10, 1, 1, 0.28662
447, False, -11, 2, 1, 0.28659
448, False, -11, 2, 1, 0.28656
449, False, -12, 3, 1, 0.28653
450, False, -11, 2, 1, 0.2865
451, False, -27, 14, 3, 0.28647
452, False, -12, 3, 2, 0.28644
453, False, -8, 5, 2, 0.28641
454, False, -15, 6, 2, 0.28637999999999997
455, False, -10, 1, 1, 0.28635
456, False, -13, 4, 2, 0.28631999999999996
457, False, -15, 10, 1, 0.28629
458, False, -13, 4, 2, 0.28626
459, False, -16, 7, 2, 0.28623
460, False, -10, 1, 1, 0.2862
461, False, -10, 1, 1, 0.28617
462, False, -10, 7, 0, 0.28614
463, False, -11, 2, 1, 0.28611
464, False, -10, 7, 1, 0.28608
465, False, -10, 1, 1, 0.28604999999999997
466, False, -9, 6, 2, 0.28602
467, False, -17, 12, 4, 0.28598999999999997
468, False, -8, 5, 1, 0.28596
469, False, -18, 15, 4, 0.28592999999999996
470, False, -7, 4, 1, 0.2859
471, False, -7, 4, 1, 0.28587
472, False, -10, 7, 1, 0.28584
473, False, -10, 1, 1, 0.28581
474, False, -10, 1, 1, 0.28578
475, False, -9, 6, 3, 0.28575
476, False, -10, 1, 1, 0.28572
477, False, -8, 5, 3, 0.28569
478, False, -10, 1, 1, 0.28565999999999997
479, False, -16, 13, 0, 0.28563
480, False, -12, 3, 1, 0.28559999999999997
481, False, -11, 8, 0, 0.28557
482, False, -15, 12, 5, 0.28554
483, False, -10, 1, 1, 0.28551
484, False, -10, 7, 2, 0.28548
485, False, -10, 1, 1, 0.28545
486, False, -11, 2, 1, 0.28542
487, False, -11, 2, 1, 0.28539
488, False, -12, 3, 1, 0.28536
489, False, -14, 5, 2, 0.28533
490, False, -13, 4, 1, 0.2853
491, False, -11, 2, 1, 0.28526999999999997
492, False, -11, 8, 2, 0.28524
493, False, -13, 4, 2, 0.28520999999999996
494, False, -10, 1, 1, 0.28518
495, False, -12, 9, 2, 0.28515
496, False, -10, 1, 1, 0.28512
497, False, -12, 9, 2, 0.28509
498, False, -11, 2, 1, 0.28506
499, False, -10, 1, 1, 0.28503
500, False, -12, 9, 0, 0.285
501, False, -14, 3, 1, 0.28497
502, False, -12, 3, 1, 0.28493999999999997
503, False, -11, 8, 1, 0.28491
504, False, -9, 6, 1, 0.28487999999999997
505, False, -15, 4, 2, 0.28485
506, False, -13, 4, 1, 0.28481999999999996
507, False, -12, 3, 1, 0.28479
508, False, -15, 12, 3, 0.28476
509, False, -9, 6, 2, 0.28473
510, False, -9, 6, 3, 0.2847
511, False, -12, 9, 2, 0.28467
512, False, -10, 1, 1, 0.28464
513, False, -10, 1, 1, 0.28461
514, False, -13, 4, 1, 0.28458
515, False, -19, 10, 5, 0.28454999999999997
516, False, -13, 4, 2, 0.28452
517, False, -11, 8, 2, 0.28448999999999997
518, False, -14, 5, 1, 0.28446
519, False, -12, 3, 1, 0.28442999999999996
520, False, -14, 5, 1, 0.2844
521, False, -16, 11, 2, 0.28437
522, False, -11, 2, 2, 0.28434
523, False, -11, 2, 1, 0.28431
524, False, -9, 6, 1, 0.28428
525, False, -11, 2, 1, 0.28425
526, False, -12, 3, 1, 0.28422
527, False, -12, 3, 1, 0.28419
528, False, -10, 5, 2, 0.28415999999999997
529, False, -10, 1, 1, 0.28413
530, False, -11, 2, 1, 0.28409999999999996
531, False, -14, 5, 2, 0.28407
532, False, -13, 10, 1, 0.28403999999999996
533, False, -15, 12, 3, 0.28401
534, False, -18, 15, 2, 0.28398
535, False, -10, 7, 1, 0.28395
536, False, -14, 5, 2, 0.28392
537, False, -13, 10, 2, 0.28389
538, False, -7, 4, 1, 0.28386
539, False, -11, 2, 1, 0.28382999999999997
540, False, -10, 1, 1, 0.2838
541, False, -12, 9, 2, 0.28376999999999997
542, False, -11, 2, 1, 0.28374
543, False, -8, 5, 1, 0.28371
544, False, -12, 9, 4, 0.28368
545, False, -16, 7, 3, 0.28365
546, False, -13, 4, 3, 0.28362
547, False, -9, 6, 1, 0.28359
548, False, -12, 3, 2, 0.28356
549, False, -12, 3, 1, 0.28353
550, False, -11, 2, 1, 0.2835
551, False, -18, 11, 3, 0.28347
552, False, -11, 2, 1, 0.28343999999999997
553, False, -7, 4, 1, 0.28341
554, False, -11, 8, 1, 0.28337999999999997
555, False, -12, 9, 1, 0.28335
556, False, -8, 5, 1, 0.28332
557, False, -14, 11, 2, 0.28329
558, False, -11, 8, 3, 0.28326
559, False, -14, 11, 1, 0.28323
560, False, -12, 3, 1, 0.2832
561, False, -11, 2, 1, 0.28317
562, False, -12, 3, 2, 0.28314
563, False, -12, 3, 1, 0.28311
564, False, -10, 1, 1, 0.28308
565, False, -12, 9, 0, 0.28304999999999997
566, False, -8, 5, 0, 0.28302
567, False, -16, 11, 1, 0.28298999999999996
568, False, -13, 10, 1, 0.28296
569, False, -10, 1, 1, 0.28293
570, False, -12, 3, 2, 0.2829
571, False, -11, 2, 1, 0.28287
572, False, -24, 19, 7, 0.28284
573, False, -12, 3, 1, 0.28281
574, False, -10, 7, 1, 0.28278
575, False, -11, 2, 1, 0.28275
576, False, -20, 17, 1, 0.28271999999999997
577, False, -13, 10, 2, 0.28269
578, False, -12, 3, 1, 0.28265999999999997
579, False, -10, 1, 1, 0.28263
580, False, -17, 14, 2, 0.28259999999999996
581, False, -12, 3, 1, 0.28257
582, False, -10, 7, 3, 0.28254
583, False, -10, 1, 1, 0.28251
584, False, -11, 2, 1, 0.28248
585, False, -11, 2, 1, 0.28245
586, False, -13, 10, 1, 0.28242
587, False, -12, 3, 1, 0.28239
588, False, -15, 12, 3, 0.28236
589, False, -8, 5, 1, 0.28232999999999997
590, False, -11, 2, 1, 0.2823
591, False, -14, 3, 0, 0.28226999999999997
592, False, -12, 3, 1, 0.28224
593, False, -11, 2, 1, 0.28220999999999996
594, False, -11, 2, 1, 0.28218
595, False, -10, 7, 2, 0.28215
596, False, -12, 3, 2, 0.28212
597, False, -10, 1, 1, 0.28209
598, False, -10, 1, 1, 0.28206
599, False, -10, 1, 1, 0.28203
600, False, -11, 8, 3, 0.282
601, False, -13, 10, 4, 0.28197
602, False, -10, 1, 1, 0.28193999999999997
603, False, -11, 8, 1, 0.28191
604, False, -10, 7, 0, 0.28187999999999996
605, False, -8, 5, 1, 0.28185
606, False, -11, 2, 2, 0.28181999999999996
607, False, -12, 3, 2, 0.28179
608, False, -10, 1, 1, 0.28176
609, False, -7, 4, 1, 0.28173
610, False, -10, 1, 0, 0.2817
611, False, -10, 1, 1, 0.28167
612, False, -14, 11, 1, 0.28164
613, False, -10, 1, 1, 0.28160999999999997
614, False, -12, 3, 1, 0.28158
615, False, -15, 10, 2, 0.28154999999999997
616, False, -12, 3, 1, 0.28152
617, False, -7, 4, 1, 0.28148999999999996
618, False, -10, 1, 1, 0.28146
619, False, -11, 2, 1, 0.28143
620, False, -26, 23, 3, 0.2814
621, False, -16, 13, 3, 0.28137
622, False, -17, 8, 4, 0.28134
623, False, -10, 1, 1, 0.28131
624, False, -16, 13, 2, 0.28128
625, False, -6, 3, 1, 0.28125
626, False, -10, 1, 1, 0.28121999999999997
627, False, -11, 2, 1, 0.28119
628, False, -14, 11, 2, 0.28115999999999997
629, False, -16, 13, 4, 0.28113
630, False, -14, 5, 2, 0.2811
631, False, -7, 4, 1, 0.28107
632, False, -8, 5, 1, 0.28104
633, False, -20, 5, 2, 0.28101
634, False, -13, 10, 4, 0.28098
635, False, -11, 8, 1, 0.28095
636, False, -11, 2, 1, 0.28092
637, False, -6, 3, 1, 0.28089
638, False, -7, 4, 2, 0.28086
639, False, -8, 5, 1, 0.28082999999999997
640, False, -7, 4, 1, 0.2808
641, False, -16, 13, 4, 0.28076999999999996
642, False, -10, 1, 1, 0.28074
643, False, -10, 1, 1, 0.28071
644, False, -11, 2, 1, 0.28068
645, False, -11, 2, 1, 0.28065
646, False, -9, 6, 1, 0.28062
647, False, -12, 3, 1, 0.28059
648, False, -11, 2, 1, 0.28056
649, False, -8, 5, 1, 0.28053
650, False, -11, 2, 1, 0.28049999999999997
651, False, -10, 7, 0, 0.28047
652, False, -9, 6, 1, 0.28043999999999997
653, False, -12, 9, 0, 0.28041
654, False, -8, 5, 1, 0.28037999999999996
655, False, -18, 5, 1, 0.28035
656, False, -14, 11, 2, 0.28032
657, False, -9, 6, 2, 0.28029
658, False, -8, 5, 1, 0.28026
659, False, -11, 2, 1, 0.28023
660, False, -10, 1, 1, 0.2802
661, False, -11, 2, 1, 0.28017
662, False, -6, 3, 1, 0.28014
663, False, -13, 4, 2, 0.28010999999999997
664, False, -7, 4, 1, 0.28008
665, False, -10, 1, 1, 0.28004999999999997
666, False, -11, 8, 2, 0.28002
667, False, -11, 2, 1, 0.27998999999999996
668, False, -11, 8, 3, 0.27996
669, False, -6, 3, 1, 0.27993
670, False, -10, 1, 1, 0.2799
671, False, -11, 2, 1, 0.27987
672, False, -8, 5, 2, 0.27984
673, False, -8, 5, 2, 0.27981
674, False, -11, 2, 1, 0.27978
675, False, -9, 6, 4, 0.27975
676, False, -13, 4, 2, 0.27971999999999997
677, False, -11, 2, 1, 0.27969
678, False, -6, 3, 1, 0.27965999999999996
679, False, -13, 10, 2, 0.27963
680, False, -11, 2, 1, 0.27959999999999996
681, False, -11, 2, 1, 0.27957
682, False, -11, 2, 1, 0.27954
683, False, -10, 1, 1, 0.27951
684, False, -11, 2, 2, 0.27948
685, False, -11, 2, 1, 0.27945
686, False, -10, 1, 1, 0.27942
687, False, -11, 2, 1, 0.27938999999999997
688, False, -13, 10, 1, 0.27936
689, False, -9, 6, 2, 0.27932999999999997
690, False, -11, 2, 1, 0.2793
691, False, -15, 6, 3, 0.27926999999999996
692, False, -11, 2, 1, 0.27924
693, False, -13, 4, 3, 0.27921
694, False, -11, 8, 0, 0.27918
695, False, -11, 2, 2, 0.27915
696, False, -12, 3, 1, 0.27912
697, False, -10, 1, 1, 0.27909
698, False, -13, 10, 2, 0.27906
699, False, -9, 6, 2, 0.27903
700, False, -7, 4, 2, 0.27899999999999997
701, False, -8, 5, 1, 0.27897
702, False, -10, 1, 1, 0.27893999999999997
703, False, -17, 8, 3, 0.27891
704, False, -12, 9, 1, 0.27888
705, False, -10, 1, 0, 0.27885
706, False, -20, 17, 1, 0.27882
707, False, -8, 5, 1, 0.27879
708, False, -6, 3, 0, 0.27876
709, False, -10, 1, 1, 0.27873
710, False, -11, 2, 1, 0.2787
711, False, -10, 1, 0, 0.27867
712, False, -15, 6, 1, 0.27864
713, False, -6, 3, 1, 0.27860999999999997
714, False, -14, 9, 3, 0.27858
715, False, -10, 1, 1, 0.27854999999999996
716, False, -10, 7, 1, 0.27852
717, False, -7, 4, 1, 0.27849
718, False, -11, 6, 0, 0.27846
719, False, -9, 6, 2, 0.27843
720, False, -9, 6, 1, 0.2784
721, False, -15, 6, 3, 0.27837
722, False, -11, 2, 2, 0.27834
723, False, -12, 3, 1, 0.27831
724, False, -11, 2, 1, 0.27827999999999997
725, False, -11, 2, 1, 0.27825
726, False, -14, 11, 1, 0.27821999999999997
727, False, -10, 1, 1, 0.27819
728, False, -28, 21, 1, 0.27815999999999996
729, False, -26, 19, 7, 0.27813
730, False, -7, 4, 1, 0.2781
731, False, -9, 6, 1, 0.27807
732, False, -11, 2, 1, 0.27804
733, False, -10, 7, 0, 0.27801
734, False, -10, 1, 1, 0.27798
735, False, -10, 1, 1, 0.27795
736, False, -8, 5, 0, 0.27792
737, False, -8, 5, 1, 0.27788999999999997
738, False, -9, 6, 0, 0.27786
739, False, -10, 7, 2, 0.27782999999999997
740, False, -13, 4, 2, 0.2778
741, False, -16, 7, 3, 0.27776999999999996
742, False, -10, 7, 2, 0.27774
743, False, -6, 3, 1, 0.27771
744, False, -11, 2, 1, 0.27768
745, False, -11, 2, 1, 0.27765
746, False, -11, 8, 2, 0.27762
747, False, -9, 6, 1, 0.27759
748, False, -12, 9, 1, 0.27756
749, False, -10, 1, 1, 0.27753
750, False, -10, 7, 1, 0.27749999999999997
751, False, -20, 5, 2, 0.27747
752, False, -10, 1, 1, 0.27743999999999996
753, False, -11, 2, 2, 0.27741
754, False, -17, 12, 2, 0.27737999999999996
755, False, -10, 1, 1, 0.27735
756, False, -9, 6, 1, 0.27732
757, False, -6, 3, 1, 0.27729
758, False, -12, 9, 1, 0.27726
759, False, -9, 6, 1, 0.27723
760, False, -7, 4, 0, 0.2772
761, False, -17, 14, 2, 0.27716999999999997
762, False, -9, 6, 1, 0.27714
763, False, -11, 2, 1, 0.27710999999999997
764, False, -8, 5, 1, 0.27708
765, False, -7, 4, 1, 0.27704999999999996
766, False, -10, 1, 1, 0.27702
767, False, -12, 3, 3, 0.27699
768, False, -13, 10, 1, 0.27696
769, False, -8, 5, 0, 0.27693
770, False, -7, 4, 1, 0.2769
771, False, -8, 5, 1, 0.27687
772, True, 10, 7, 2, 0.27684
773, False, -12, 3, 2, 0.27681
774, False, -9, 6, 1, 0.27677999999999997
775, False, -11, 2, 1, 0.27675
776, False, -8, 5, 2, 0.27671999999999997
777, False, -6, 3, 1, 0.27669
778, False, -9, 6, 2, 0.27666
779, False, -11, 2, 1, 0.27663
780, False, -10, 7, 0, 0.2766
781, True, 10, 7, 1, 0.27657
782, False, -17, 14, 1, 0.27654
783, False, -10, 1, 0, 0.27651
784, False, -15, 6, 3, 0.27648
785, False, -10, 1, 0, 0.27645
786, False, -8, 5, 1, 0.27642
787, False, -11, 2, 1, 0.27638999999999997
788, False, -9, 6, 1, 0.27636
789, False, -10, 1, 1, 0.27632999999999996
790, False, -10, 1, 1, 0.2763
791, False, -14, 11, 1, 0.27627
792, False, -9, 6, 0, 0.27624
793, False, -12, 3, 2, 0.27621
794, False, -11, 2, 1, 0.27618
795, False, -10, 7, 2, 0.27615
796, False, -11, 2, 1, 0.27612
797, False, -12, 9, 2, 0.27609
798, False, -15, 12, 1, 0.27605999999999997
799, False, -9, 6, 0, 0.27603
800, False, -14, 11, 2, 0.27599999999999997
801, False, -10, 1, 0, 0.27597
802, False, -10, 1, 1, 0.27593999999999996
803, False, -10, 1, 1, 0.27591
804, False, -7, 4, 1, 0.27588
805, False, -10, 1, 1, 0.27585
806, False, -10, 7, 2, 0.27582
807, False, -10, 1, 1, 0.27579
808, False, -11, 2, 1, 0.27576
809, False, -11, 2, 1, 0.27573
810, False, -8, 5, 1, 0.2757
811, False, -11, 2, 1, 0.27566999999999997
812, False, -11, 2, 1, 0.27564
813, False, -11, 2, 0, 0.27560999999999997
814, False, -10, 1, 0, 0.27558
815, False, -6, 3, 1, 0.27554999999999996
816, False, -10, 1, 1, 0.27552
817, False, -10, 1, 0, 0.27549
818, False, -10, 1, 0, 0.27546
819, False, -9, 6, 1, 0.27543
820, False, -11, 6, 0, 0.2754
821, False, -7, 4, 1, 0.27537
822, False, -11, 2, 1, 0.27534
823, False, -6, 3, 1, 0.27531
824, False, -10, 1, 1, 0.27527999999999997
825, False, -10, 7, 1, 0.27525
826, False, -8, 5, 1, 0.27521999999999996
827, False, -15, 10, 2, 0.27519
828, False, -9, 6, 4, 0.27515999999999996
829, False, -12, 3, 2, 0.27513
830, False, -18, 15, 2, 0.2751
831, False, -8, 5, 1, 0.27507
832, False, -13, 4, 2, 0.27504
833, False, -11, 2, 1, 0.27501
834, False, -11, 2, 1, 0.27498
835, False, -11, 2, 1, 0.27494999999999997
836, False, -14, 11, 1, 0.27492
837, False, -12, 9, 2, 0.27488999999999997
838, False, -17, 14, 5, 0.27486
839, False, -13, 4, 2, 0.27482999999999996
840, False, -7, 4, 0, 0.2748
841, False, -11, 2, 1, 0.27477
842, False, -8, 5, 1, 0.27474
843, False, -12, 9, 1, 0.27471
844, False, -12, 9, 2, 0.27468
845, False, -9, 6, 1, 0.27465
846, False, -10, 1, 1, 0.27462
847, False, -7, 4, 1, 0.27459
848, False, -11, 2, 2, 0.27455999999999997
849, False, -11, 2, 1, 0.27453
850, False, -10, 1, 1, 0.27449999999999997
851, False, -8, 5, 1, 0.27447
852, False, -13, 2, 1, 0.27444
853, False, -12, 3, 1, 0.27441
854, False, -15, 6, 1, 0.27438
855, False, -11, 8, 2, 0.27435
856, False, -12, 3, 1, 0.27432
857, False, -9, 6, 1, 0.27429
858, False, -11, 8, 3, 0.27426
859, False, -12, 3, 1, 0.27423
860, False, -9, 6, 1, 0.2742
861, False, -13, 4, 2, 0.27416999999999997
862, False, -10, 1, 1, 0.27414
863, False, -10, 1, 1, 0.27410999999999996
864, False, -10, 7, 1, 0.27408
865, False, -9, 6, 0, 0.27405
866, False, -12, 3, 1, 0.27402
867, False, -12, 3, 1, 0.27399
868, False, -9, 6, 0, 0.27396
869, False, -12, 3, 1, 0.27393
870, False, -10, 1, 0, 0.2739
871, False, -9, 6, 0, 0.27387
872, False, -7, 4, 1, 0.27384
873, False, -11, 8, 1, 0.27381
874, False, -11, 2, 2, 0.27377999999999997
875, False, -9, 6, 0, 0.27375
876, False, -11, 2, 1, 0.27371999999999996
877, False, -10, 1, 1, 0.27369
878, False, -11, 2, 2, 0.27366
879, False, -7, 4, 1, 0.27363
880, False, -10, 1, 1, 0.2736
881, False, -11, 2, 1, 0.27357
882, False, -10, 1, 0, 0.27354
883, False, -13, 4, 1, 0.27351
884, False, -13, 4, 1, 0.27348
885, False, -7, 4, 1, 0.27344999999999997
886, False, -27, 16, 4, 0.27342
887, False, -11, 2, 1, 0.27338999999999997
888, False, -12, 3, 2, 0.27336
889, False, -15, 6, 2, 0.27332999999999996
890, False, -10, 1, 0, 0.2733
891, False, -12, 3, 2, 0.27327
892, False, -13, 4, 1, 0.27324
893, False, -8, 5, 1, 0.27321
894, False, -14, 5, 2, 0.27318
895, False, -7, 4, 1, 0.27315
896, False, -14, 5, 1, 0.27312
897, False, -11, 2, 1, 0.27309
898, False, -15, 6, 2, 0.27305999999999997
899, False, -10, 1, 1, 0.27303
900, False, -9, 6, 0, 0.27299999999999996
901, False, -8, 5, 1, 0.27297
902, False, -12, 3, 1, 0.27293999999999996
903, False, -12, 3, 1, 0.27291
904, False, -10, 1, 1, 0.27288
905, False, -9, 6, 1, 0.27285
906, False, -12, 3, 1, 0.27282
907, False, -9, 6, 0, 0.27279
908, False, -11, 8, 0, 0.27276
909, False, -7, 4, 1, 0.27273
910, False, -11, 8, 1, 0.2727
911, False, -10, 1, 1, 0.27266999999999997
912, False, -12, 3, 2, 0.27264
913, False, -19, 12, 2, 0.27260999999999996
914, False, -11, 2, 1, 0.27258
915, False, -16, 3, 2, 0.27254999999999996
916, False, -16, 7, 2, 0.27252
917, False, -12, 3, 1, 0.27249
918, False, -14, 5, 1, 0.27246
919, False, -14, 5, 1, 0.27243
920, False, -10, 7, 2, 0.2724
921, False, -27, 18, 2, 0.27237
922, False, -11, 2, 1, 0.27233999999999997
923, False, -12, 3, 1, 0.27231
924, False, -25, 16, 2, 0.27227999999999997
925, False, -11, 2, 1, 0.27225
926, False, -13, 4, 1, 0.27222
927, False, -22, 13, 0, 0.27219
928, False, -12, 3, 1, 0.27216
929, False, -11, 2, 1, 0.27213
930, False, -11, 2, 1, 0.2721
931, False, -11, 2, 1, 0.27207
932, False, -11, 2, 1, 0.27204
933, False, -11, 2, 0, 0.27201
934, False, -14, 5, 2, 0.27198
935, False, -11, 2, 1, 0.27194999999999997
936, False, -10, 1, 1, 0.27192
937, False, -11, 2, 1, 0.27188999999999997
938, False, -13, 4, 1, 0.27186
939, False, -19, 10, 2, 0.27183
940, False, -10, 1, 1, 0.2718
941, False, -11, 2, 0, 0.27177
942, False, -19, 10, 2, 0.27174
943, False, -20, 11, 2, 0.27171
944, False, -15, 4, 0, 0.27168
945, False, -10, 1, 1, 0.27165
946, False, -11, 2, 0, 0.27162
947, False, -12, 3, 0, 0.27159
948, False, -13, 4, 2, 0.27155999999999997
949, False, -13, 4, 0, 0.27153
950, False, -15, 6, 1, 0.27149999999999996
951, False, -12, 3, 1, 0.27147
952, False, -11, 2, 1, 0.27144
953, False, -11, 2, 1, 0.27141
954, False, -13, 4, 1, 0.27138
955, False, -10, 1, 1, 0.27135
956, False, -10, 1, 1, 0.27132
957, False, -13, 4, 1, 0.27129
958, False, -10, 1, 1, 0.27126
959, False, -10, 1, 1, 0.27122999999999997
960, False, -18, 9, 3, 0.2712
961, False, -11, 2, 0, 0.27116999999999997
962, False, -15, 4, 2, 0.27114
963, False, -30, 9, 2, 0.27110999999999996
964, False, -15, 4, 1, 0.27108
965, False, -11, 2, 0, 0.27105
966, False, -11, 2, 1, 0.27102
967, False, -12, 3, 1, 0.27099
968, False, -14, 5, 3, 0.27096
969, False, -14, 5, 2, 0.27093
970, False, -11, 2, 0, 0.2709
971, False, -13, 4, 2, 0.27087
972, False, -13, 4, 0, 0.27083999999999997
973, False, -15, 6, 2, 0.27081
974, False, -14, 5, 2, 0.27077999999999997
975, False, -11, 2, 0, 0.27075
976, False, -11, 2, 0, 0.27071999999999996
977, False, -15, 6, 0, 0.27069
978, False, -11, 2, 1, 0.27066
979, False, -17, 8, 3, 0.27063
980, False, -11, 2, 0, 0.2706
981, False, -11, 2, 0, 0.27057
982, False, -11, 2, 0, 0.27054
983, False, -14, 5, 2, 0.27051
984, False, -11, 2, 1, 0.27048
985, False, -12, 3, 1, 0.27044999999999997
986, False, -12, 3, 1, 0.27042
987, False, -12, 3, 2, 0.27038999999999996
988, False, -10, 1, 1, 0.27036
989, False, -12, 3, 0, 0.27032999999999996
990, False, -13, 4, 1, 0.2703
991, False, -11, 2, 0, 0.27027
992, False, -11, 2, 0, 0.27024
993, False, -11, 2, 0, 0.27021
994, False, -12, 3, 1, 0.27018
995, False, -11, 2, 0, 0.27015
996, False, -10, 1, 1, 0.27011999999999997
997, False, -12, 3, 0, 0.27009
998, False, -11, 2, 1, 0.27005999999999997
999, False, -11, 2, 0, 0.27003
1000, False, -15, 10, 3, 0.26999999999999996
1001, False, -17, 8, 1, 0.26997
1002, False, -13, 4, 0, 0.26994
1003, False, -11, 2, 0, 0.26991
1004, False, -14, 5, 1, 0.26988
1005, False, -12, 3, 1, 0.26985
1006, False, -13, 4, 0, 0.26982
1007, False, -12, 3, 0, 0.26979
1008, False, -19, 6, 0, 0.26976
1009, False, -6, 3, 2, 0.26972999999999997
1010, False, -10, 1, 1, 0.2697
1011, False, -13, 4, 1, 0.26966999999999997
1012, False, -11, 2, 0, 0.26964
1013, False, -10, 1, 1, 0.26961
1014, False, -11, 2, 1, 0.26958
1015, False, -19, 6, 1, 0.26955
1016, False, -13, 4, 0, 0.26952
1017, False, -19, 10, 2, 0.26949
1018, False, -16, 5, 3, 0.26946
1019, False, -11, 2, 1, 0.26943
1020, False, -10, 1, 0, 0.2694
1021, False, -10, 1, 0, 0.26937
1022, False, -10, 1, 1, 0.26933999999999997
1023, False, -11, 2, 1, 0.26931
1024, False, -7, 4, 1, 0.26927999999999996
1025, True, 9, 8, 1, 0.26925
1026, True, -1, 18, 3, 0.26922
1027, False, -11, 8, 1, 0.26919
1028, False, -9, 6, 2, 0.26916
1029, False, -8, 5, 1, 0.26913
1030, False, -11, 2, 1, 0.2691
1031, False, -8, 5, 1, 0.26907
1032, False, -11, 8, 0, 0.26904
1033, False, -11, 2, 1, 0.26900999999999997
1034, False, -11, 8, 0, 0.26898
1035, False, -17, 14, 4, 0.26894999999999997
1036, False, -8, 5, 1, 0.26892
1037, False, -10, 1, 0, 0.26888999999999996
1038, False, -8, 5, 3, 0.26886
1039, False, -10, 7, 2, 0.26883
1040, False, -17, 8, 2, 0.2688
1041, False, -6, 3, 1, 0.26877
1042, False, -10, 1, 1, 0.26874
1043, False, -14, 5, 4, 0.26871
1044, False, -10, 1, 1, 0.26868
1045, False, -11, 2, 1, 0.26865
1046, False, -11, 2, 1, 0.26861999999999997
1047, False, -13, 10, 1, 0.26859
1048, False, -6, 3, 1, 0.26855999999999997
1049, False, -9, 6, 1, 0.26853
1050, False, -15, 12, 0, 0.26849999999999996
1051, False, -9, 6, 1, 0.26847
1052, False, -13, 4, 1, 0.26844
1053, False, -13, 4, 1, 0.26841
1054, False, -11, 2, 1, 0.26838
1055, False, -9, 6, 3, 0.26835
1056, False, -7, 4, 0, 0.26832
1057, False, -7, 4, 0, 0.26829
1058, False, -8, 5, 0, 0.26826
1059, False, -8, 5, 2, 0.26822999999999997
1060, False, -11, 2, 1, 0.2682
1061, False, -11, 2, 1, 0.26816999999999996
1062, False, -6, 3, 1, 0.26814
1063, False, -11, 2, 1, 0.26810999999999996
1064, False, -11, 2, 1, 0.26808
1065, False, -7, 4, 2, 0.26805
1066, False, -7, 4, 0, 0.26802
1067, False, -12, 3, 0, 0.26799
1068, False, -9, 6, 2, 0.26796
1069, False, -12, 9, 0, 0.26793
1070, False, -11, 2, 1, 0.26789999999999997
1071, False, -6, 3, 1, 0.26787
1072, False, -8, 5, 1, 0.26783999999999997
1073, False, -8, 5, 2, 0.26781
1074, False, -8, 5, 1, 0.26778
1075, False, -14, 7, 2, 0.26775
1076, False, -11, 2, 1, 0.26771999999999996
1077, False, -17, 14, 3, 0.26769
1078, False, -10, 1, 1, 0.26766
1079, False, -6, 3, 1, 0.26763
1080, False, -11, 2, 2, 0.2676
1081, False, -10, 1, 1, 0.26757
1082, False, -16, 11, 3, 0.26754
1083, False, -13, 4, 1, 0.26750999999999997
1084, False, -6, 3, 1, 0.26748
1085, False, -7, 4, 0, 0.26744999999999997
1086, False, -10, 1, 1, 0.26742
1087, False, -10, 1, 1, 0.26739
1088, False, -7, 4, 1, 0.26736
1089, False, -6, 3, 1, 0.26733
1090, False, -11, 2, 1, 0.2673
1091, False, -10, 1, 1, 0.26727
1092, False, -16, 7, 3, 0.26724
1093, False, -10, 7, 1, 0.26721
1094, False, -10, 1, 1, 0.26718
1095, False, -12, 3, 1, 0.26715
1096, False, -10, 1, 1, 0.26711999999999997
1097, False, -14, 5, 2, 0.26709
1098, False, -8, 5, 0, 0.26705999999999996
1099, False, -15, 6, 2, 0.26703
1100, False, -12, 3, 2, 0.267
1101, False, -7, 4, 1, 0.26697
1102, False, -10, 1, 1, 0.26694
1103, False, -11, 2, 1, 0.26691
1104, False, -11, 2, 0, 0.26688
1105, False, -10, 1, 1, 0.26685
1106, False, -8, 5, 1, 0.26682
1107, False, -7, 4, 0, 0.26678999999999997
1108, False, -11, 2, 1, 0.26676
1109, False, -9, 6, 1, 0.26672999999999997
1110, False, -13, 4, 1, 0.2667
1111, False, -12, 3, 1, 0.26666999999999996
1112, False, -11, 2, 1, 0.26664
1113, False, -18, 13, 4, 0.26661
1114, False, -11, 2, 1, 0.26658
1115, False, -12, 3, 1, 0.26655
1116, False, -12, 9, 2, 0.26652
1117, False, -12, 3, 1, 0.26649
1118, False, -12, 9, 2, 0.26646
1119, False, -11, 2, 0, 0.26643
1120, False, -8, 5, 2, 0.26639999999999997
1121, False, -11, 2, 0, 0.26637
1122, False, -10, 1, 1, 0.26633999999999997
1123, False, -13, 10, 2, 0.26631
1124, False, -9, 6, 1, 0.26627999999999996
1125, False, -6, 3, 1, 0.26625
1126, False, -14, 5, 1, 0.26622
1127, False, -13, 10, 2, 0.26619
1128, False, -7, 4, 1, 0.26616
1129, False, -11, 2, 1, 0.26613
1130, False, -10, 1, 1, 0.2661
1131, False, -47, 30, 4, 0.26607
1132, False, -10, 1, 1, 0.26604
1133, False, -11, 2, 1, 0.26600999999999997
1134, False, -7, 4, 1, 0.26598
1135, False, -7, 4, 0, 0.26594999999999996
1136, False, -7, 4, 1, 0.26592
1137, False, -14, 5, 1, 0.26588999999999996
1138, False, -17, 8, 2, 0.26586
1139, False, -10, 1, 1, 0.26583
1140, False, -11, 8, 2, 0.2658
1141, False, -8, 5, 1, 0.26577
1142, False, -6, 3, 1, 0.26574
1143, False, -12, 3, 2, 0.26571
1144, False, -9, 6, 1, 0.26567999999999997
1145, False, -11, 2, 0, 0.26565
1146, False, -10, 1, 1, 0.26561999999999997
1147, False, -10, 7, 2, 0.26559
1148, False, -11, 2, 1, 0.26556
1149, False, -7, 4, 0, 0.26553
1150, False, -12, 3, 1, 0.26549999999999996
1151, False, -8, 5, 2, 0.26547
1152, False, -11, 2, 1, 0.26544
1153, False, -11, 2, 1, 0.26541
1154, False, -11, 2, 1, 0.26538
1155, False, -7, 4, 0, 0.26535
1156, False, -7, 4, 0, 0.26532
1157, False, -26, 15, 1, 0.26528999999999997
1158, False, -12, 9, 3, 0.26526
1159, True, 8, 9, 1, 0.26522999999999997
1160, False, -6, 3, 1, 0.2652
1161, False, -14, 5, 1, 0.26517
1162, False, -14, 11, 2, 0.26514
1163, False, -6, 3, 1, 0.26510999999999996
1164, False, -6, 3, 1, 0.26508
1165, False, -7, 4, 1, 0.26505
1166, False, -10, 1, 1, 0.26502
1167, False, -10, 1, 1, 0.26499
1168, False, -18, 15, 2, 0.26496
1169, False, -16, 13, 4, 0.26493
1170, False, -11, 2, 1, 0.26489999999999997
1171, False, -10, 1, 1, 0.26487
1172, False, -8, 5, 0, 0.26483999999999996
1173, False, -6, 3, 1, 0.26481
1174, False, -7, 4, 0, 0.26478
1175, False, -12, 9, 1, 0.26475
1176, False, -7, 4, 0, 0.26472
1177, False, -8, 5, 2, 0.26469
1178, False, -8, 5, 1, 0.26466
1179, False, -6, 3, 1, 0.26463
1180, False, -16, 9, 1, 0.2646
1181, False, -9, 6, 0, 0.26456999999999997
1182, False, -7, 4, 1, 0.26454
1183, False, -8, 5, 0, 0.26450999999999997
1184, False, -10, 1, 1, 0.26448
1185, False, -6, 3, 1, 0.26444999999999996
1186, False, -12, 9, 3, 0.26442
1187, False, -7, 4, 1, 0.26439
1188, False, -14, 5, 2, 0.26436
1189, False, -10, 1, 1, 0.26433
1190, False, -11, 2, 1, 0.2643
1191, False, -9, 6, 0, 0.26427
1192, False, -15, 10, 3, 0.26424
1193, False, -10, 1, 1, 0.26421
1194, False, -9, 6, 0, 0.26417999999999997
1195, False, -7, 4, 1, 0.26415
1196, False, -8, 5, 1, 0.26411999999999997
1197, False, -9, 6, 0, 0.26409
1198, False, -10, 1, 1, 0.26405999999999996
1199, False, -10, 7, 0, 0.26403
1200, False, -7, 4, 0, 0.264
1201, False, -7, 4, 1, 0.26397
1202, False, -7, 4, 1, 0.26394
1203, False, -9, 6, 3, 0.26391
1204, False, -11, 2, 1, 0.26388
1205, False, -10, 1, 1, 0.26385
1206, False, -11, 2, 1, 0.26382
1207, False, -7, 4, 0, 0.26378999999999997
1208, False, -10, 1, 1, 0.26376
1209, False, -7, 4, 0, 0.26372999999999996
1210, False, -6, 3, 1, 0.2637
1211, False, -9, 6, 1, 0.26366999999999996
1212, False, -11, 2, 1, 0.26364
1213, False, -12, 3, 2, 0.26361
1214, False, -12, 3, 1, 0.26358
1215, False, -8, 5, 2, 0.26355
1216, False, -8, 5, 0, 0.26352
1217, False, -23, 14, 3, 0.26349
1218, False, -12, 9, 0, 0.26345999999999997
1219, False, -6, 3, 1, 0.26343
1220, False, -6, 3, 1, 0.26339999999999997
1221, False, -8, 5, 0, 0.26337
1222, False, -10, 7, 0, 0.26334
1223, False, -6, 3, 1, 0.26331
1224, False, -15, 6, 2, 0.26327999999999996
1225, False, -10, 7, 0, 0.26325
1226, False, -8, 5, 0, 0.26322
1227, False, -6, 3, 1, 0.26319
1228, False, -12, 3, 2, 0.26316
1229, False, -6, 3, 1, 0.26313
1230, False, -10, 1, 1, 0.2631
1231, False, -11, 2, 1, 0.26306999999999997
1232, False, -10, 7, 1, 0.26304
1233, False, -12, 3, 1, 0.26300999999999997
1234, False, -8, 5, 1, 0.26298
1235, False, -10, 7, 1, 0.26295
1236, False, -11, 2, 1, 0.26292
1237, False, -11, 2, 1, 0.26288999999999996
1238, False, -12, 3, 1, 0.26286
1239, False, -10, 7, 2, 0.26283
1240, False, -6, 3, 1, 0.2628
1241, False, -10, 7, 2, 0.26277
1242, False, -10, 1, 1, 0.26274
1243, False, -6, 3, 1, 0.26271
1244, False, -7, 4, 0, 0.26267999999999997
1245, False, -10, 1, 1, 0.26265
1246, False, -7, 4, 0, 0.26261999999999996
1247, False, -7, 4, 0, 0.26259
1248, False, -10, 7, 0, 0.26256
1249, False, -7, 4, 0, 0.26253
1250, False, -6, 3, 1, 0.2625
1251, False, -7, 4, 0, 0.26247
1252, False, -10, 1, 1, 0.26244
1253, False, -7, 4, 1, 0.26241
1254, False, -14, 11, 1, 0.26238
1255, False, -11, 2, 2, 0.26234999999999997
1256, False, -12, 3, 2, 0.26232
1257, False, -13, 4, 1, 0.26228999999999997
1258, False, -6, 3, 1, 0.26226
1259, False, -10, 1, 1, 0.26222999999999996
1260, False, -10, 1, 1, 0.2622
1261, False, -13, 4, 1, 0.26217
1262, False, -8, 5, 2, 0.26214
1263, False, -10, 1, 1, 0.26211
1264, False, -11, 2, 1, 0.26208
1265, False, -10, 1, 1, 0.26205
1266, False, -8, 5, 1, 0.26202
1267, False, -11, 8, 2, 0.26199
1268, False, -6, 3, 1, 0.26195999999999997
1269, False, -7, 4, 0, 0.26193
1270, False, -10, 1, 1, 0.26189999999999997
1271, False, -8, 5, 1, 0.26187
1272, False, -11, 2, 2, 0.26183999999999996
1273, False, -11, 2, 1, 0.26181
1274, False, -17, 14, 6, 0.26178
1275, False, -11, 2, 2, 0.26175
1276, False, -11, 2, 1, 0.26172
1277, False, -11, 2, 1, 0.26169
1278, False, -8, 5, 1, 0.26166
1279, False, -11, 2, 1, 0.26163
1280, False, -8, 5, 0, 0.2616
1281, False, -11, 2, 1, 0.26156999999999997
1282, False, -8, 5, 2, 0.26154
1283, False, -12, 3, 1, 0.26150999999999996
1284, False, -11, 2, 1, 0.26148
1285, False, -6, 3, 1, 0.26144999999999996
1286, False, -11, 2, 1, 0.26142
1287, False, -8, 5, 1, 0.26139
1288, False, -7, 4, 0, 0.26136
1289, False, -12, 3, 3, 0.26133
1290, False, -11, 2, 1, 0.2613
1291, False, -11, 2, 1, 0.26127
1292, False, -9, 6, 2, 0.26123999999999997
1293, False, -12, 3, 1, 0.26121
1294, False, -10, 7, 2, 0.26117999999999997
1295, False, -12, 3, 1, 0.26115
1296, False, -7, 4, 0, 0.26112
1297, False, -11, 2, 1, 0.26109
1298, False, -17, 14, 1, 0.26105999999999996
1299, False, -10, 1, 1, 0.26103
1300, False, -7, 4, 0, 0.261
1301, False, -8, 5, 2, 0.26097
1302, False, -12, 3, 2, 0.26094
1303, False, -11, 8, 2, 0.26091
1304, False, -8, 5, 0, 0.26088
1305, False, -9, 6, 3, 0.26084999999999997
1306, False, -20, 11, 0, 0.26082
1307, False, -12, 9, 0, 0.26078999999999997
1308, False, -10, 1, 1, 0.26076
1309, False, -13, 4, 1, 0.26073
1310, False, -7, 4, 2, 0.2607
1311, False, -6, 3, 1, 0.26066999999999996
1312, False, -10, 1, 1, 0.26064
1313, False, -11, 2, 1, 0.26061
1314, False, -10, 1, 1, 0.26058
1315, False, -11, 2, 1, 0.26055
1316, False, -10, 1, 1, 0.26052
1317, False, -10, 1, 1, 0.26049
1318, False, -11, 2, 1, 0.26045999999999997
1319, False, -12, 3, 2, 0.26043
1320, False, -7, 4, 1, 0.26039999999999996
1321, False, -14, 5, 1, 0.26037
1322, True, 9, 8, 2, 0.26034
1323, False, -11, 2, 1, 0.26031
1324, False, -11, 2, 1, 0.26028
1325, False, -7, 4, 0, 0.26025
1326, False, -11, 2, 1, 0.26022
1327, False, -6, 3, 1, 0.26019
1328, False, -12, 3, 1, 0.26016
1329, False, -7, 4, 0, 0.26013
1330, False, -10, 7, 2, 0.2601
1331, False, -8, 5, 1, 0.26006999999999997
1332, False, -11, 2, 1, 0.26004
1333, False, -11, 2, 1, 0.26000999999999996
1334, False, -7, 4, 0, 0.25998
1335, False, -11, 2, 1, 0.25995
1336, False, -7, 4, 1, 0.25992
1337, False, -6, 3, 1, 0.25989
1338, False, -12, 9, 2, 0.25986
1339, False, -13, 4, 1, 0.25983
1340, False, -7, 4, 2, 0.2598
1341, False, -10, 7, 2, 0.25977
1342, False, -9, 6, 1, 0.25973999999999997
1343, False, -12, 3, 1, 0.25971
1344, False, -10, 1, 1, 0.25967999999999997
1345, False, -8, 5, 1, 0.25965
1346, False, -12, 3, 1, 0.25961999999999996
1347, False, -11, 2, 1, 0.25959
1348, False, -7, 4, 0, 0.25956
1349, False, -11, 2, 1, 0.25953
1350, False, -10, 1, 1, 0.2595
1351, False, -10, 1, 1, 0.25947
1352, False, -11, 2, 1, 0.25944
1353, False, -35, 30, 5, 0.25941
1354, False, -10, 1, 1, 0.25938
1355, False, -10, 1, 1, 0.25934999999999997
1356, False, -7, 4, 0, 0.25932
1357, False, -12, 3, 1, 0.25928999999999996
1358, False, -7, 4, 0, 0.25926
1359, False, -7, 4, 0, 0.25922999999999996
1360, False, -11, 2, 1, 0.2592
1361, False, -11, 2, 2, 0.25917
1362, False, -7, 4, 2, 0.25914
1363, False, -11, 2, 1, 0.25911
1364, False, -12, 3, 2, 0.25908
1365, False, -9, 6, 2, 0.25905
1366, False, -17, 4, 1, 0.25902
1367, False, -10, 7, 1, 0.25899
1368, False, -11, 2, 1, 0.25895999999999997
1369, False, -6, 3, 1, 0.25893
1370, False, -10, 1, 1, 0.2589
1371, False, -8, 5, 1, 0.25887
1372, False, -8, 5, 1, 0.25883999999999996
1373, False, -11, 2, 1, 0.25881
1374, False, -14, 5, 3, 0.25878
1375, False, -11, 2, 1, 0.25875
1376, False, -14, 5, 2, 0.25872
1377, False, -10, 7, 2, 0.25869
1378, False, -7, 4, 0, 0.25866
1379, False, -12, 3, 2, 0.25862999999999997
1380, False, -7, 4, 0, 0.2586
1381, False, -10, 1, 1, 0.25856999999999997
1382, False, -11, 2, 1, 0.25854
1383, False, -7, 4, 0, 0.25851
1384, False, -11, 2, 1, 0.25848
1385, False, -11, 2, 1, 0.25844999999999996
1386, False, -7, 4, 0, 0.25842
1387, False, -14, 5, 2, 0.25839
1388, False, -7, 4, 0, 0.25836
1389, False, -11, 2, 1, 0.25833
1390, False, -10, 1, 1, 0.2583
1391, False, -11, 2, 1, 0.25827
1392, False, -17, 14, 4, 0.25823999999999997
1393, False, -10, 1, 1, 0.25821
1394, False, -11, 2, 1, 0.25817999999999997
1395, False, -7, 4, 1, 0.25815
1396, False, -7, 4, 0, 0.25812
1397, False, -14, 5, 2, 0.25809
1398, False, -7, 4, 1, 0.25806
1399, False, -10, 1, 1, 0.25803
1400, False, -6, 3, 1, 0.258
1401, False, -8, 5, 2, 0.25797
1402, False, -20, 17, 2, 0.25794
1403, False, -11, 2, 1, 0.25791
1404, False, -7, 4, 1, 0.25788
1405, False, -11, 2, 1, 0.25784999999999997
1406, False, -11, 2, 1, 0.25782
1407, False, -12, 3, 1, 0.25778999999999996
1408, False, -11, 2, 1, 0.25776
1409, False, -8, 5, 1, 0.25773
1410, False, -11, 2, 1, 0.2577
1411, False, -6, 3, 1, 0.25767
1412, False, -11, 2, 1, 0.25764
1413, False, -7, 4, 2, 0.25761
1414, False, -11, 2, 1, 0.25758
1415, False, -11, 2, 1, 0.25755
1416, False, -7, 4, 0, 0.25751999999999997
1417, False, -7, 4, 1, 0.25749
1418, False, -8, 5, 0, 0.25745999999999997
1419, False, -8, 5, 1, 0.25743
1420, False, -10, 1, 1, 0.25739999999999996
1421, False, -18, 15, 1, 0.25737
1422, False, -7, 4, 0, 0.25734
1423, False, -6, 3, 1, 0.25731
1424, False, -7, 4, 0, 0.25728
1425, False, -10, 1, 1, 0.25725
1426, False, -8, 5, 2, 0.25722
1427, False, -12, 3, 2, 0.25719
1428, False, -12, 9, 1, 0.25716
1429, True, 10, 7, 1, 0.25712999999999997
1430, False, -11, 2, 1, 0.2571
1431, False, -12, 3, 2, 0.25706999999999997
1432, False, -6, 3, 1, 0.25704
1433, False, -12, 3, 1, 0.25700999999999996
1434, False, -7, 4, 0, 0.25698
1435, False, -11, 2, 1, 0.25695
1436, False, -12, 3, 2, 0.25692
1437, False, -11, 8, 0, 0.25689
1438, False, -9, 6, 1, 0.25686
1439, False, -11, 2, 2, 0.25683
1440, False, -10, 1, 1, 0.2568
1441, False, -8, 5, 3, 0.25677
1442, False, -18, 13, 4, 0.25673999999999997
1443, False, -10, 7, 1, 0.25671
1444, False, -10, 1, 1, 0.25667999999999996
1445, False, -7, 4, 2, 0.25665
1446, False, -7, 4, 0, 0.25661999999999996
1447, False, -15, 10, 1, 0.25659
1448, False, -7, 4, 1, 0.25656
1449, False, -13, 4, 2, 0.25653
1450, False, -12, 3, 1, 0.2565
1451, False, -11, 2, 1, 0.25647
1452, False, -6, 3, 1, 0.25644
1453, False, -7, 4, 0, 0.25640999999999997
1454, False, -10, 1, 1, 0.25638
1455, False, -6, 3, 1, 0.25634999999999997
1456, False, -10, 1, 1, 0.25632
1457, False, -7, 4, 0, 0.25629
1458, False, -7, 4, 0, 0.25626
1459, False, -7, 4, 1, 0.25622999999999996
1460, False, -10, 1, 1, 0.2562
1461, False, -11, 2, 1, 0.25617
1462, False, -7, 4, 0, 0.25614
1463, False, -11, 2, 1, 0.25611
1464, False, -10, 1, 1, 0.25608
1465, False, -7, 4, 0, 0.25605
1466, True, 12, 5, 0, 0.25601999999999997
1467, False, -6, 3, 1, 0.25599
1468, False, -7, 4, 0, 0.25595999999999997
1469, False, -10, 1, 1, 0.25593
1470, False, -8, 5, 1, 0.2559
1471, False, -6, 3, 1, 0.25587
1472, False, -7, 4, 1, 0.25584
1473, False, -14, 11, 1, 0.25581
1474, False, -10, 7, 3, 0.25578
1475, False, -7, 4, 1, 0.25575
1476, False, -11, 2, 1, 0.25572
1477, False, -8, 5, 1, 0.25569
1478, False, -7, 4, 1, 0.25566
1479, False, -7, 4, 0, 0.25562999999999997
1480, False, -7, 4, 0, 0.2556
1481, False, -7, 4, 0, 0.25556999999999996
1482, False, -10, 1, 1, 0.25554
1483, False, -11, 2, 1, 0.25551
1484, False, -20, 15, 6, 0.25548
1485, False, -10, 1, 1, 0.25545
1486, False, -11, 2, 2, 0.25542
1487, False, -11, 2, 1, 0.25539
1488, False, -7, 4, 0, 0.25536
1489, False, -6, 3, 1, 0.25533
1490, False, -8, 5, 0, 0.25529999999999997
1491, False, -13, 4, 1, 0.25527
1492, False, -9, 6, 2, 0.25523999999999997
1493, False, -8, 5, 1, 0.25521
1494, False, -11, 2, 1, 0.25517999999999996
1495, False, -11, 2, 1, 0.25515
1496, False, -6, 3, 1, 0.25512
1497, False, -11, 2, 1, 0.25509
1498, False, -11, 2, 1, 0.25506
1499, False, -6, 3, 1, 0.25503
1500, False, -7, 4, 0, 0.255
1501, False, -7, 4, 0, 0.25497
1502, False, -10, 1, 1, 0.25494
1503, False, -7, 4, 0, 0.25490999999999997
1504, False, -6, 3, 1, 0.25488
1505, False, -7, 4, 1, 0.25484999999999997
1506, False, -11, 2, 1, 0.25482
1507, False, -6, 3, 1, 0.25478999999999996
1508, False, -17, 8, 3, 0.25476
1509, False, -6, 3, 1, 0.25473
1510, False, -7, 4, 1, 0.2547
1511, False, -12, 3, 2, 0.25467
1512, False, -9, 6, 2, 0.25464
1513, False, -8, 5, 0, 0.25461
1514, False, -9, 6, 1, 0.25458
1515, False, -6, 3, 1, 0.25455
1516, False, -7, 4, 0, 0.25451999999999997
1517, False, -7, 4, 0, 0.25449
1518, False, -10, 7, 1, 0.25445999999999996
1519, False, -7, 4, 1, 0.25443
1520, False, -7, 4, 1, 0.25439999999999996
1521, False, -7, 4, 1, 0.25437
1522, False, -11, 2, 1, 0.25434
1523, False, -15, 6, 2, 0.25431
1524, False, -7, 4, 0, 0.25428
1525, False, -11, 2, 1, 0.25425
1526, False, -11, 2, 1, 0.25422
1527, False, -7, 4, 0, 0.25418999999999997
1528, False, -6, 3, 1, 0.25416
1529, False, -9, 6, 1, 0.25412999999999997
1530, False, -7, 4, 0, 0.2541
1531, False, -10, 1, 1, 0.25407
1532, False, -9, 6, 1, 0.25404
1533, False, -10, 7, 2, 0.25400999999999996
1534, False, -7, 4, 0, 0.25398
1535, False, -11, 2, 1, 0.25395
1536, False, -10, 1, 1, 0.25392
1537, False, -19, 6, 2, 0.25389
1538, True, 10, 7, 1, 0.25386
1539, False, -11, 2, 1, 0.25383
1540, False, -8, 5, 1, 0.25379999999999997
1541, False, -8, 5, 1, 0.25377
1542, False, -6, 3, 1, 0.25373999999999997
1543, False, -9, 6, 0, 0.25371
1544, False, -6, 3, 1, 0.25368
1545, False, -11, 2, 1, 0.25365
1546, False, -7, 4, 1, 0.25361999999999996
1547, False, -6, 3, 1, 0.25359
1548, False, -11, 2, 1, 0.25356
1549, False, -11, 2, 1, 0.25353
1550, False, -11, 2, 1, 0.2535
1551, False, -7, 4, 0, 0.25347
1552, False, -14, 11, 2, 0.25344
1553, False, -11, 8, 3, 0.25340999999999997
1554, False, -11, 2, 1, 0.25338
1555, False, -10, 1, 1, 0.25334999999999996
1556, False, -7, 4, 0, 0.25332
1557, False, -10, 1, 1, 0.25329
1558, False, -6, 3, 1, 0.25326
1559, False, -9, 6, 2, 0.25323
1560, False, -11, 2, 1, 0.2532
1561, False, -10, 1, 1, 0.25317
1562, False, -7, 4, 0, 0.25314
1563, False, -9, 6, 0, 0.25311
1564, False, -14, 5, 2, 0.25307999999999997
1565, False, -7, 4, 0, 0.25305
1566, False, -8, 5, 0, 0.25301999999999997
1567, False, -11, 2, 1, 0.25299
1568, False, -9, 6, 2, 0.25295999999999996
1569, False, -7, 4, 0, 0.25293
1570, False, -11, 2, 1, 0.2529
1571, False, -10, 1, 1, 0.25287
1572, False, -10, 1, 1, 0.25284
1573, False, -7, 4, 0, 0.25281
1574, False, -7, 4, 0, 0.25278
1575, False, -7, 4, 0, 0.25275
1576, False, -12, 3, 2, 0.25272
1577, False, -7, 4, 0, 0.25268999999999997
1578, False, -16, 13, 2, 0.25266
1579, False, -15, 6, 1, 0.25262999999999997
1580, False, -10, 1, 1, 0.2526
1581, False, -11, 2, 1, 0.25256999999999996
1582, False, -14, 5, 2, 0.25254
1583, False, -7, 4, 2, 0.25251
1584, False, -8, 5, 0, 0.25248
1585, False, -12, 3, 1, 0.25245
1586, False, -13, 4, 1, 0.25242
1587, False, -7, 4, 1, 0.25239
1588, False, -7, 4, 0, 0.25236
1589, False, -11, 2, 1, 0.25233
1590, False, -9, 6, 2, 0.25229999999999997
1591, False, -6, 3, 1, 0.25227
1592, False, -7, 4, 1, 0.25223999999999996
1593, False, -10, 1, 1, 0.25221
1594, False, -6, 3, 1, 0.25217999999999996
1595, False, -7, 4, 0, 0.25215
1596, False, -7, 4, 1, 0.25212
1597, False, -6, 3, 1, 0.25209
1598, False, -11, 2, 1, 0.25206
1599, False, -11, 6, 1, 0.25203
1600, False, -11, 2, 2, 0.252
1601, False, -8, 5, 1, 0.25196999999999997
1602, False, -11, 2, 1, 0.25194
1603, False, -8, 5, 1, 0.25190999999999997
1604, False, -10, 1, 1, 0.25188
1605, False, -11, 2, 1, 0.25185
1606, False, -11, 2, 1, 0.25182
1607, False, -6, 3, 1, 0.25178999999999996
1608, False, -8, 5, 1, 0.25176
1609, False, -11, 2, 1, 0.25173
1610, False, -7, 4, 0, 0.2517
1611, False, -12, 3, 2, 0.25167
1612, True, 12, 5, 0, 0.25164
1613, False, -7, 4, 0, 0.25161
1614, False, -6, 3, 1, 0.25157999999999997
1615, False, -7, 4, 0, 0.25155
1616, False, -9, 6, 2, 0.25151999999999997
1617, False, -10, 1, 1, 0.25149
1618, False, -11, 2, 1, 0.25146
1619, False, -8, 5, 0, 0.25143
1620, False, -10, 1, 1, 0.25139999999999996
1621, False, -8, 5, 1, 0.25137
1622, False, -6, 3, 1, 0.25134
1623, False, -6, 3, 1, 0.25131
1624, False, -9, 6, 2, 0.25128
1625, False, -10, 1, 1, 0.25125
1626, False, -12, 7, 2, 0.25122
1627, False, -10, 1, 1, 0.25118999999999997
1628, False, -10, 7, 1, 0.25116
1629, False, -13, 4, 3, 0.25112999999999996
1630, False, -7, 4, 0, 0.2511
1631, False, -7, 4, 0, 0.25107
1632, False, -7, 4, 0, 0.25104
1633, False, -7, 4, 0, 0.25101
1634, False, -7, 4, 1, 0.25098
1635, False, -7, 4, 1, 0.25095
1636, False, -11, 2, 1, 0.25092
1637, False, -14, 5, 3, 0.25089
1638, False, -9, 4, 2, 0.25085999999999997
1639, False, -7, 4, 0, 0.25083
1640, False, -10, 7, 0, 0.25079999999999997
1641, False, -6, 3, 1, 0.25077
1642, False, -7, 4, 1, 0.25073999999999996
1643, False, -8, 5, 1, 0.25071
1644, False, -8, 5, 0, 0.25068
1645, False, -7, 4, 0, 0.25065
1646, False, -7, 4, 1, 0.25062
1647, False, -10, 7, 2, 0.25059
1648, False, -7, 4, 0, 0.25056
1649, False, -10, 1, 1, 0.25053
1650, False, -11, 2, 1, 0.2505
1651, False, -7, 4, 0, 0.25046999999999997
1652, False, -14, 5, 1, 0.25044
1653, False, -11, 2, 2, 0.25040999999999997
1654, False, -11, 2, 1, 0.25038
1655, False, -6, 3, 1, 0.25034999999999996
1656, False, -10, 7, 2, 0.25032
1657, False, -11, 2, 1, 0.25029
1658, False, -8, 5, 2, 0.25026
1659, False, -10, 1, 1, 0.25023
1660, False, -7, 4, 0, 0.2502
1661, False, -11, 2, 2, 0.25017
1662, False, -7, 4, 1, 0.25014
1663, False, -7, 4, 0, 0.25011
1664, False, -11, 2, 1, 0.25007999999999997
1665, False, -7, 4, 0, 0.25005
1666, False, -12, 3, 1, 0.25001999999999996
1667, False, -7, 4, 0, 0.24999
1668, False, -10, 1, 1, 0.24996
1669, False, -6, 3, 1, 0.24992999999999999
1670, False, -11, 2, 1, 0.24989999999999998
1671, False, -7, 4, 2, 0.24986999999999998
1672, False, -12, 3, 2, 0.24983999999999998
1673, False, -8, 5, 2, 0.24980999999999998
1674, False, -8, 5, 0, 0.24978
1675, False, -11, 2, 1, 0.24974999999999997
1676, False, -8, 5, 0, 0.24972
1677, False, -11, 2, 1, 0.24969
1678, False, -12, 3, 2, 0.24966
1679, False, -11, 2, 1, 0.24963
1680, False, -13, 4, 2, 0.2496
1681, False, -11, 2, 1, 0.24957
1682, False, -16, 13, 4, 0.24953999999999998
1683, False, -7, 4, 0, 0.24950999999999998
1684, False, -7, 4, 0, 0.24947999999999998
1685, False, -8, 5, 0, 0.24944999999999998
1686, False, -11, 2, 1, 0.24941999999999998
1687, False, -12, 3, 1, 0.24939
1688, False, -10, 1, 1, 0.24935999999999997
1689, False, -8, 5, 1, 0.24933
1690, False, -6, 3, 1, 0.2493
1691, False, -9, 6, 2, 0.24927
1692, False, -8, 5, 0, 0.24924
1693, False, -7, 4, 0, 0.24921
1694, False, -12, 3, 1, 0.24917999999999998
1695, False, -7, 4, 1, 0.24914999999999998
1696, False, -6, 3, 1, 0.24911999999999998
1697, False, -8, 5, 1, 0.24908999999999998
1698, False, -7, 4, 1, 0.24906
1699, False, -11, 2, 1, 0.24902999999999997
1700, False, -6, 3, 1, 0.249
1701, False, -9, 6, 1, 0.24897
1702, False, -9, 6, 0, 0.24894
1703, False, -7, 4, 1, 0.24891
1704, False, -10, 1, 1, 0.24888
1705, False, -7, 4, 0, 0.24885
1706, False, -7, 4, 0, 0.24881999999999999
1707, True, 12, 5, 0, 0.24878999999999998
1708, False, -11, 2, 1, 0.24875999999999998
1709, False, -8, 5, 1, 0.24872999999999998
1710, False, -12, 3, 3, 0.24869999999999998
1711, True, 12, 5, 0, 0.24867
1712, True, 12, 5, 0, 0.24863999999999997
1713, False, -8, 5, 1, 0.24861
1714, False, -11, 2, 1, 0.24858
1715, False, -7, 4, 1, 0.24855
1716, True, 12, 5, 0, 0.24852
1717, False, -19, 14, 4, 0.24849
1718, True, 11, 6, 0, 0.24846
1719, False, -10, 1, 1, 0.24842999999999998
1720, False, -11, 2, 1, 0.24839999999999998
1721, False, -13, 4, 2, 0.24836999999999998
1722, True, 12, 5, 0, 0.24833999999999998
1723, False, -7, 4, 2, 0.24830999999999998
1724, True, 12, 5, 0, 0.24828
1725, True, 12, 5, 0, 0.24824999999999997
1726, False, -10, 1, 1, 0.24822
1727, False, -6, 3, 1, 0.24819
1728, False, -12, 3, 1, 0.24816
1729, False, -7, 4, 1, 0.24813
1730, False, -8, 5, 1, 0.2481
1731, False, -11, 2, 1, 0.24806999999999998
1732, False, -6, 3, 1, 0.24803999999999998
1733, True, 12, 5, 0, 0.24800999999999998
1734, False, -12, 3, 1, 0.24797999999999998
1735, False, -22, 9, 2, 0.24795
1736, True, 12, 5, 0, 0.24791999999999997
1737, False, -12, 3, 1, 0.24789
1738, False, -8, 5, 1, 0.24786
1739, False, -11, 2, 1, 0.24783
1740, False, -11, 2, 1, 0.2478
1741, True, 12, 5, 0, 0.24777
1742, True, 12, 5, 0, 0.24774
1743, True, 12, 5, 0, 0.24770999999999999
1744, False, -8, 5, 2, 0.24767999999999998
1745, False, -13, 4, 1, 0.24764999999999998
1746, True, 12, 5, 0, 0.24761999999999998
1747, False, -11, 2, 1, 0.24758999999999998
1748, True, 10, 7, 1, 0.24756
1749, True, 12, 5, 0, 0.24752999999999997
1750, False, -10, 1, 1, 0.2475
1751, False, -10, 1, 1, 0.24747
1752, False, -8, 5, 1, 0.24744
1753, False, -11, 2, 1, 0.24741
1754, False, -11, 2, 1, 0.24738
1755, False, -11, 2, 2, 0.24735
1756, False, -6, 3, 1, 0.24731999999999998
1757, False, -6, 3, 1, 0.24728999999999998
1758, True, 11, 6, 1, 0.24725999999999998
1759, False, -20, 17, 2, 0.24722999999999998
1760, False, -6, 3, 1, 0.24719999999999998
1761, False, -14, 5, 1, 0.24717
1762, False, -11, 2, 2, 0.24713999999999997
1763, True, 11, 6, 1, 0.24711
1764, True, 12, 5, 0, 0.24708
1765, False, -6, 3, 1, 0.24705
1766, False, -11, 8, 2, 0.24702
1767, False, -17, 6, 1, 0.24699
1768, False, -7, 4, 1, 0.24695999999999999
1769, False, -8, 5, 1, 0.24692999999999998
1770, False, -29, 8, 3, 0.24689999999999998
1771, False, -11, 2, 1, 0.24686999999999998
1772, True, 12, 5, 0, 0.24684
1773, False, -11, 2, 1, 0.24680999999999997
1774, True, 12, 5, 1, 0.24678
1775, False, -26, 23, 6, 0.24675
1776, False, -8, 5, 1, 0.24672
1777, False, -11, 2, 1, 0.24669
1778, False, -8, 5, 1, 0.24666
1779, False, -8, 5, 1, 0.24663
1780, True, 12, 5, 0, 0.24659999999999999
1781, False, -7, 4, 1, 0.24656999999999998
1782, False, -8, 5, 1, 0.24653999999999998
1783, True, 12, 5, 0, 0.24650999999999998
1784, False, -8, 5, 1, 0.24647999999999998
1785, True, 12, 5, 1, 0.24645
1786, False, -8, 5, 1, 0.24641999999999997
1787, False, -11, 2, 1, 0.24639
1788, False, -10, 1, 1, 0.24636
1789, False, -11, 2, 1, 0.24633
1790, False, -13, 4, 2, 0.2463
1791, False, -10, 1, 1, 0.24627
1792, True, 12, 5, 0, 0.24624
1793, True, 12, 5, 0, 0.24620999999999998
1794, True, 12, 5, 0, 0.24617999999999998
1795, False, -13, 2, 1, 0.24614999999999998
1796, False, -13, 4, 1, 0.24611999999999998
1797, False, -19, 8, 1, 0.24608999999999998
1798, False, -10, 1, 1, 0.24606
1799, False, -6, 3, 1, 0.24602999999999997
1800, True, 11, 6, 0, 0.246
1801, False, -12, 3, 1, 0.24597
1802, False, -12, 3, 1, 0.24594
1803, True, 12, 5, 0, 0.24591
1804, False, -15, 6, 2, 0.24588
1805, False, -11, 2, 1, 0.24584999999999999
1806, False, -12, 3, 1, 0.24581999999999998
1807, True, 12, 5, 0, 0.24578999999999998
1808, False, -8, 5, 1, 0.24575999999999998
1809, False, -11, 2, 0, 0.24573
1810, False, -16, 7, 4, 0.24569999999999997
1811, False, -7, 4, 1, 0.24567
1812, False, -12, 3, 1, 0.24564
1813, False, -11, 2, 1, 0.24561
1814, False, -7, 4, 2, 0.24558
1815, False, -11, 2, 0, 0.24555
1816, False, -14, 5, 3, 0.24552
1817, False, -12, 3, 2, 0.24548999999999999
1818, False, -13, 4, 2, 0.24545999999999998
1819, False, -13, 4, 0, 0.24542999999999998
1820, False, -11, 2, 0, 0.24539999999999998
1821, False, -11, 2, 0, 0.24536999999999998
1822, False, -12, 3, 1, 0.24534
1823, False, -11, 2, 0, 0.24530999999999997
1824, False, -11, 2, 1, 0.24528
1825, False, -13, 4, 1, 0.24525
1826, False, -11, 2, 0, 0.24522
1827, False, -12, 3, 1, 0.24519
1828, False, -10, 1, 1, 0.24516
1829, False, -11, 2, 0, 0.24513
1830, False, -11, 2, 1, 0.24509999999999998
1831, False, -8, 5, 1, 0.24506999999999998
1832, True, 12, 5, 0, 0.24503999999999998
1833, False, -12, 3, 1, 0.24500999999999998
1834, False, -10, 1, 1, 0.24497999999999998
1835, False, -11, 2, 0, 0.24495
1836, False, -11, 2, 0, 0.24491999999999997
1837, False, -13, 4, 1, 0.24489
1838, False, -11, 2, 2, 0.24486
1839, False, -12, 3, 2, 0.24483
1840, False, -11, 2, 0, 0.2448
1841, False, -11, 2, 0, 0.24477
1842, False, -11, 2, 1, 0.24473999999999999
1843, False, -11, 2, 1, 0.24470999999999998
1844, False, -11, 2, 1, 0.24467999999999998
1845, False, -13, 4, 0, 0.24464999999999998
1846, False, -11, 2, 1, 0.24462
1847, False, -11, 2, 1, 0.24458999999999997
1848, False, -14, 5, 1, 0.24456
1849, False, -10, 1, 1, 0.24453
1850, False, -13, 4, 1, 0.2445
1851, False, -11, 2, 0, 0.24447
1852, False, -12, 3, 0, 0.24444
1853, False, -11, 2, 0, 0.24441
1854, True, 11, 6, 0, 0.24438
1855, False, -11, 2, 1, 0.24434999999999998
1856, False, -12, 3, 1, 0.24431999999999998
1857, False, -13, 4, 2, 0.24428999999999998
1858, False, -12, 3, 1, 0.24425999999999998
1859, False, -11, 2, 1, 0.24423
1860, False, -14, 5, 0, 0.24419999999999997
1861, False, -11, 2, 1, 0.24417
1862, False, -11, 2, 0, 0.24414
1863, False, -13, 4, 1, 0.24411
1864, False, -11, 2, 1, 0.24408
1865, False, -10, 1, 1, 0.24405
1866, False, -11, 2, 0, 0.24402
1867, False, -11, 2, 0, 0.24398999999999998
1868, False, -11, 2, 1, 0.24395999999999998
1869, False, -11, 2, 1, 0.24392999999999998
1870, False, -19, 4, 3, 0.24389999999999998
1871, False, -12, 3, 0, 0.24386999999999998
1872, False, -11, 2, 2, 0.24384
1873, False, -11, 2, 0, 0.24380999999999997
1874, False, -11, 2, 0, 0.24378
1875, False, -11, 2, 1, 0.24375
1876, False, -12, 3, 1, 0.24372
1877, False, -12, 3, 0, 0.24369
1878, False, -13, 4, 1, 0.24366
1879, False, -11, 2, 0, 0.24362999999999999
1880, False, -12, 3, 0, 0.24359999999999998
1881, False, -10, 1, 1, 0.24356999999999998
1882, False, -11, 2, 0, 0.24353999999999998
1883, False, -13, 4, 1, 0.24351
1884, False, -15, 6, 0, 0.24347999999999997
1885, False, -10, 1, 1, 0.24345
1886, False, -11, 2, 0, 0.24342
1887, False, -19, 10, 0, 0.24339
1888, False, -11, 2, 0, 0.24336
1889, False, -11, 2, 1, 0.24333
1890, False, -10, 1, 1, 0.2433
1891, False, -11, 2, 1, 0.24327
1892, True, 12, 5, 0, 0.24323999999999998
1893, False, -12, 3, 2, 0.24320999999999998
1894, False, -8, 5, 1, 0.24317999999999998
1895, False, -11, 2, 0, 0.24314999999999998
1896, False, -11, 2, 1, 0.24312
1897, False, -11, 2, 0, 0.24308999999999997
1898, False, -11, 2, 1, 0.24306
1899, False, -10, 1, 1, 0.24303
1900, True, 12, 5, 0, 0.243
1901, False, -11, 2, 0, 0.24297
1902, False, -11, 2, 0, 0.24294
1903, False, -10, 1, 1, 0.24291
1904, False, -14, 5, 3, 0.24287999999999998
1905, False, -11, 2, 1, 0.24284999999999998
1906, False, -11, 2, 1, 0.24281999999999998
1907, False, -11, 2, 1, 0.24278999999999998
1908, False, -11, 2, 1, 0.24275999999999998
1909, False, -13, 4, 1, 0.24273
1910, True, 11, 6, 0, 0.24269999999999997
1911, False, -11, 2, 1, 0.24267
1912, False, -11, 2, 0, 0.24264
1913, False, -12, 3, 2, 0.24261
1914, False, -12, 3, 1, 0.24258
1915, False, -10, 1, 1, 0.24255
1916, False, -14, 5, 3, 0.24251999999999999
1917, False, -10, 1, 1, 0.24248999999999998
1918, False, -11, 2, 1, 0.24245999999999998
1919, False, -13, 4, 1, 0.24242999999999998
1920, False, -11, 2, 1, 0.2424
1921, False, -10, 1, 1, 0.24236999999999997
1922, False, -20, 11, 6, 0.24234
1923, False, -6, 3, 1, 0.24231
1924, False, -11, 2, 0, 0.24228
1925, False, -20, 5, 1, 0.24225
1926, False, -11, 2, 0, 0.24222
1927, False, -12, 3, 2, 0.24219
1928, False, -11, 2, 0, 0.24216
1929, False, -11, 2, 0, 0.24212999999999998
1930, True, 12, 5, 0, 0.24209999999999998
1931, False, -11, 2, 0, 0.24206999999999998
1932, False, -11, 2, 0, 0.24203999999999998
1933, False, -12, 3, 2, 0.24201
1934, False, -11, 2, 0, 0.24197999999999997
1935, False, -10, 1, 1, 0.24195
1936, False, -11, 2, 1, 0.24192
1937, False, -11, 2, 0, 0.24189
1938, False, -13, 4, 0, 0.24186
1939, False, -11, 2, 2, 0.24183
1940, False, -12, 3, 2, 0.2418
1941, False, -12, 3, 0, 0.24176999999999998
1942, False, -11, 2, 2, 0.24173999999999998
1943, False, -13, 4, 3, 0.24170999999999998
1944, False, -11, 2, 0, 0.24167999999999998
1945, False, -13, 4, 2, 0.24164999999999998
1946, False, -20, 9, 3, 0.24162
1947, False, -15, 6, 1, 0.24158999999999997
1948, True, 12, 5, 0, 0.24156
1949, False, -11, 2, 0, 0.24153
1950, False, -11, 2, 0, 0.2415
1951, False, -11, 2, 0, 0.24147
1952, False, -11, 8, 1, 0.24144
1953, False, -11, 2, 0, 0.24140999999999999
1954, False, -8, 5, 1, 0.24137999999999998
1955, False, -11, 2, 0, 0.24134999999999998
1956, False, -12, 3, 0, 0.24131999999999998
1957, False, -13, 4, 0, 0.24129
1958, False, -10, 1, 1, 0.24125999999999997
1959, False, -7, 4, 1, 0.24123
1960, False, -11, 2, 0, 0.2412
1961, True, 12, 5, 0, 0.24117
1962, False, -13, 4, 0, 0.24114
1963, False, -10, 1, 1, 0.24111
1964, False, -12, 3, 1, 0.24108
1965, False, -11, 2, 1, 0.24105
1966, False, -10, 1, 1, 0.24101999999999998
1967, False, -16, 7, 0, 0.24098999999999998
1968, True, 9, 8, 2, 0.24095999999999998
1969, False, -8, 5, 1, 0.24092999999999998
1970, False, -10, 7, 1, 0.2409
1971, False, -11, 2, 1, 0.24086999999999997
1972, False, -11, 2, 0, 0.24084
1973, False, -11, 8, 2, 0.24081
1974, False, -6, 3, 1, 0.24078
1975, False, -11, 2, 1, 0.24075
1976, False, -9, 6, 2, 0.24072
1977, False, -11, 2, 1, 0.24069
1978, False, -12, 3, 1, 0.24065999999999999
1979, False, -11, 2, 0, 0.24062999999999998
1980, False, -11, 2, 0, 0.24059999999999998
1981, True, 12, 5, 0, 0.24056999999999998
1982, False, -12, 3, 2, 0.24053999999999998
1983, False, -11, 2, 0, 0.24051
1984, False, -11, 2, 1, 0.24047999999999997
1985, True, 12, 5, 0, 0.24045
1986, False, -11, 2, 0, 0.24042
1987, False, -11, 2, 0, 0.24039
1988, False, -8, 5, 1, 0.24036
1989, False, -14, 11, 2, 0.24033
1990, False, -11, 2, 1, 0.24029999999999999
1991, False, -9, 6, 1, 0.24026999999999998
1992, False, -10, 1, 1, 0.24023999999999998
1993, False, -10, 1, 1, 0.24020999999999998
1994, False, -11, 2, 1, 0.24018
1995, False, -8, 5, 1, 0.24014999999999997
1996, False, -11, 2, 1, 0.24012
1997, False, -11, 2, 0, 0.24008999999999997
1998, False, -10, 1, 1, 0.24006
1999, False, -23, 6, 2, 0.24003
2000, False, -12, 3, 1, 0.24
2001, False, -11, 2, 0, 0.23997
2002, False, -11, 2, 1, 0.23994
2003, False, -12, 3, 1, 0.23990999999999998
2004, False, -18, 9, 4, 0.23987999999999998
2005, False, -20, 11, 2, 0.23984999999999998
2006, False, -16, 3, 1, 0.23981999999999998
2007, False, -11, 2, 2, 0.23979
2008, True, 9, 8, 0, 0.23975999999999997
2009, False, -11, 2, 1, 0.23973
2010, False, -10, 1, 1, 0.2397
2011, False, -11, 2, 0, 0.23967
2012, False, -11, 2, 1, 0.23964
2013, False, -11, 2, 1, 0.23961
2014, False, -13, 4, 1, 0.23958
2015, False, -12, 3, 2, 0.23954999999999999
2016, False, -11, 2, 0, 0.23951999999999998
2017, False, -12, 3, 0, 0.23948999999999998
2018, False, -9, 6, 1, 0.23945999999999998
2019, False, -12, 3, 0, 0.23942999999999998
2020, False, -10, 1, 1, 0.2394
2021, False, -11, 2, 0, 0.23936999999999997
2022, True, 12, 5, 0, 0.23934
2023, False, -12, 3, 1, 0.23931
2024, False, -11, 2, 1, 0.23928
2025, False, -11, 2, 0, 0.23925
2026, False, -10, 1, 1, 0.23922
2027, False, -14, 5, 1, 0.23918999999999999
2028, False, -12, 3, 1, 0.23915999999999998
2029, False, -6, 3, 1, 0.23912999999999998
2030, False, -15, 6, 0, 0.23909999999999998
2031, False, -13, 4, 1, 0.23906999999999998
2032, True, 11, 6, 0, 0.23903999999999997
2033, False, -12, 3, 1, 0.23901
2034, False, -11, 2, 0, 0.23897999999999997
2035, False, -7, 4, 1, 0.23895
2036, False, -11, 2, 1, 0.23892
2037, False, -11, 2, 0, 0.23889
2038, False, -12, 9, 1, 0.23886
2039, False, -11, 2, 1, 0.23883
2040, False, -11, 2, 0, 0.23879999999999998
2041, False, -12, 3, 0, 0.23876999999999998
2042, False, -6, 3, 1, 0.23873999999999998
2043, False, -8, 5, 1, 0.23870999999999998
2044, True, 12, 5, 0, 0.23868
2045, False, -11, 2, 0, 0.23864999999999997
2046, False, -11, 2, 1, 0.23862
2047, False, -12, 3, 0, 0.23859
2048, False, -11, 2, 0, 0.23856
2049, False, -10, 1, 1, 0.23853
2050, False, -12, 3, 0, 0.2385
2051, False, -11, 2, 0, 0.23847
2052, False, -11, 2, 1, 0.23843999999999999
2053, False, -11, 2, 0, 0.23840999999999998
2054, False, -12, 3, 0, 0.23837999999999998
2055, False, -11, 2, 0, 0.23834999999999998
2056, False, -11, 2, 2, 0.23831999999999998
2057, False, -11, 2, 1, 0.23829
2058, False, -11, 2, 0, 0.23825999999999997
2059, False, -12, 3, 0, 0.23823
2060, False, -12, 3, 2, 0.2382
2061, False, -11, 2, 0, 0.23817
2062, False, -12, 3, 1, 0.23814
2063, False, -6, 3, 1, 0.23811
2064, False, -12, 3, 1, 0.23807999999999999
2065, False, -11, 2, 2, 0.23804999999999998
2066, False, -12, 3, 1, 0.23801999999999998
2067, False, -13, 4, 1, 0.23798999999999998
2068, False, -13, 4, 0, 0.23795999999999998
2069, False, -11, 2, 1, 0.23792999999999997
2070, False, -11, 2, 0, 0.2379
2071, False, -10, 1, 1, 0.23786999999999997
2072, True, 12, 5, 1, 0.23784
2073, False, -10, 1, 1, 0.23781
2074, False, -10, 7, 2, 0.23778
2075, False, -6, 3, 1, 0.23775
2076, False, -12, 3, 1, 0.23772
2077, False, -12, 3, 1, 0.23768999999999998
2078, False, -8, 5, 1, 0.23765999999999998
2079, False, -7, 4, 2, 0.23762999999999998
2080, False, -10, 7, 3, 0.23759999999999998
2081, False, -9, 6, 1, 0.23757
2082, False, -13, 4, 1, 0.23753999999999997
2083, False, -10, 7, 2, 0.23751
2084, False, -8, 5, 1, 0.23747999999999997
2085, False, -6, 3, 1, 0.23745
2086, True, 12, 5, 0, 0.23742
2087, False, -8, 5, 3, 0.23739
2088, False, -8, 5, 1, 0.23736
2089, True, 11, 6, 0, 0.23732999999999999
2090, False, -8, 5, 1, 0.23729999999999998
2091, False, -15, 12, 0, 0.23726999999999998
2092, False, -8, 5, 1, 0.23724
2093, True, 9, 8, 0, 0.23720999999999998
2094, False, -8, 5, 2, 0.23718
2095, False, -8, 5, 1, 0.23714999999999997
2096, False, -13, 6, 1, 0.23712
2097, True, 12, 5, 0, 0.23708999999999997
2098, False, -10, 1, 1, 0.23706
2099, True, 12, 5, 0, 0.23703
2100, True, 12, 5, 0, 0.237
2101, False, -6, 3, 1, 0.23697
2102, False, -8, 5, 1, 0.23693999999999998
2103, False, -10, 1, 1, 0.23690999999999998
2104, False, -10, 7, 3, 0.23687999999999998
2105, False, -11, 2, 1, 0.23685
2106, False, -8, 5, 1, 0.23681999999999997
2107, True, 12, 5, 0, 0.23679
2108, False, -12, 3, 2, 0.23675999999999997
2109, True, 11, 6, 0, 0.23673
2110, False, -12, 3, 2, 0.2367
2111, True, 12, 5, 0, 0.23667
2112, True, 12, 5, 0, 0.23664
2113, False, -11, 2, 1, 0.23661
2114, False, -10, 7, 1, 0.23657999999999998
2115, False, -11, 2, 2, 0.23654999999999998
2116, False, -11, 2, 1, 0.23652
2117, False, -10, 7, 2, 0.23648999999999998
2118, True, 12, 5, 0, 0.23646
2119, False, -6, 3, 1, 0.23642999999999997
2120, True, 8, 7, 1, 0.2364
2121, False, -9, 6, 2, 0.23636999999999997
2122, True, 12, 5, 0, 0.23634
2123, True, 12, 5, 0, 0.23631
2124, False, -8, 5, 1, 0.23628
2125, False, -11, 2, 1, 0.23625
2126, False, -7, 4, 1, 0.23621999999999999
2127, False, -10, 1, 1, 0.23618999999999998
2128, False, -10, 1, 1, 0.23615999999999998
2129, True, 11, 6, 1, 0.23613
2130, False, -11, 8, 1, 0.23609999999999998
2131, True, 12, 5, 0, 0.23607
2132, False, -11, 2, 1, 0.23603999999999997
2133, False, -13, 4, 2, 0.23601
2134, False, -11, 2, 1, 0.23597999999999997
2135, False, -11, 2, 1, 0.23595
2136, False, -9, 6, 1, 0.23592
2137, True, 7, 8, 2, 0.23589
2138, False, -6, 3, 1, 0.23586
2139, False, -13, 2, 1, 0.23582999999999998
2140, False, -12, 3, 1, 0.23579999999999998
2141, False, -13, 4, 1, 0.23576999999999998
2142, False, -11, 2, 0, 0.23574
2143, False, -11, 2, 1, 0.23570999999999998
2144, False, -13, 4, 1, 0.23568
2145, True, 11, 6, 0, 0.23564999999999997
2146, False, -11, 2, 0, 0.23562
2147, False, -11, 2, 1, 0.23559
2148, False, -11, 2, 1, 0.23556
2149, True, 10, 7, 0, 0.23553
2150, False, -13, 4, 2, 0.2355
2151, False, -10, 1, 1, 0.23546999999999998
2152, False, -15, 10, 2, 0.23543999999999998
2153, False, -11, 2, 1, 0.23540999999999998
2154, False, -11, 2, 1, 0.23537999999999998
2155, False, -12, 3, 1, 0.23535
2156, False, -11, 2, 2, 0.23531999999999997
2157, False, -9, 6, 1, 0.23529
2158, False, -9, 6, 2, 0.23525999999999997
2159, False, -8, 5, 1, 0.23523
2160, False, -10, 1, 1, 0.2352
2161, False, -13, 4, 2, 0.23517
2162, True, 12, 5, 0, 0.23514
2163, False, -13, 4, 2, 0.23510999999999999
2164, False, -11, 2, 1, 0.23507999999999998
2165, False, -10, 7, 0, 0.23504999999999998
2166, False, -10, 7, 0, 0.23502
2167, False, -6, 3, 1, 0.23498999999999998
2168, False, -6, 3, 1, 0.23496
2169, False, -8, 5, 1, 0.23492999999999997
2170, False, -7, 4, 1, 0.2349
2171, False, -12, 9, 1, 0.23486999999999997
2172, True, 12, 5, 0, 0.23484
2173, False, -11, 2, 1, 0.23481
2174, False, -12, 9, 0, 0.23478
2175, False, -9, 6, 2, 0.23475
2176, False, -6, 3, 2, 0.23471999999999998
2177, False, -9, 6, 0, 0.23468999999999998
2178, False, -7, 4, 0, 0.23465999999999998
2179, False, -10, 1, 1, 0.23463
2180, False, -11, 2, 1, 0.23459999999999998
2181, False, -6, 3, 1, 0.23457
2182, False, -6, 3, 1, 0.23453999999999997
2183, False, -11, 2, 1, 0.23451
2184, False, -11, 2, 1, 0.23448
2185, False, -9, 6, 0, 0.23445
2186, True, 11, 6, 1, 0.23442
2187, False, -10, 1, 1, 0.23439
2188, False, -9, 6, 1, 0.23435999999999998
2189, False, -9, 6, 0, 0.23432999999999998
2190, False, -11, 2, 2, 0.23429999999999998
2191, False, -10, 7, 3, 0.23426999999999998
2192, True, 8, 9, 1, 0.23424
2193, False, -11, 2, 1, 0.23420999999999997
2194, False, -7, 4, 0, 0.23418
2195, False, -10, 1, 1, 0.23414999999999997
2196, False, -11, 8, 1, 0.23412
2197, False, -7, 4, 1, 0.23409
2198, False, -10, 1, 1, 0.23406
2199, False, -10, 1, 1, 0.23403
2200, False, -11, 8, 1, 0.23399999999999999
2201, False, -17, 14, 3, 0.23396999999999998
2202, False, -10, 1, 1, 0.23393999999999998
2203, False, -8, 5, 0, 0.23391
2204, False, -9, 6, 0, 0.23387999999999998
2205, False, -8, 5, 1, 0.23385
2206, False, -6, 3, 1, 0.23381999999999997
2207, False, -11, 2, 1, 0.23379
2208, False, -14, 11, 2, 0.23375999999999997
2209, False, -8, 5, 0, 0.23373
2210, True, 7, 10, 2, 0.2337
2211, False, -8, 5, 1, 0.23367
2212, False, -8, 5, 1, 0.23364
2213, False, -6, 3, 1, 0.23360999999999998
2214, False, -10, 1, 1, 0.23357999999999998
2215, False, -7, 4, 1, 0.23354999999999998
2216, False, -7, 4, 2, 0.23352
2217, False, -11, 2, 1, 0.23348999999999998
2218, False, -11, 2, 1, 0.23346
2219, False, -6, 3, 1, 0.23342999999999997
2220, False, -7, 4, 1, 0.2334
2221, False, -9, 6, 1, 0.23337
2222, False, -7, 4, 1, 0.23334
2223, False, -6, 3, 1, 0.23331
2224, True, 10, 7, 1, 0.23328
2225, False, -12, 3, 1, 0.23324999999999999
2226, True, 12, 5, 0, 0.23321999999999998
2227, False, -11, 2, 1, 0.23318999999999998
2228, False, -11, 2, 1, 0.23315999999999998
2229, False, -6, 3, 1, 0.23313
2230, False, -11, 2, 1, 0.23309999999999997
2231, False, -11, 2, 1, 0.23307
2232, False, -9, 6, 2, 0.23303999999999997
2233, False, -10, 7, 2, 0.23301
2234, False, -10, 1, 1, 0.23298
2235, True, 12, 5, 0, 0.23295
2236, False, -13, 4, 2, 0.23292
2237, False, -11, 2, 1, 0.23288999999999999
2238, False, -6, 3, 1, 0.23285999999999998
2239, False, -8, 5, 1, 0.23282999999999998
2240, False, -10, 1, 1, 0.2328
2241, False, -7, 4, 1, 0.23276999999999998
2242, False, -13, 4, 4, 0.23274
2243, False, -11, 2, 1, 0.23270999999999997
2244, False, -11, 2, 1, 0.23268
2245, False, -11, 2, 1, 0.23264999999999997
2246, False, -11, 2, 1, 0.23262
2247, False, -8, 5, 1, 0.23259
2248, True, 10, 7, 1, 0.23256
2249, False, -6, 3, 1, 0.23253
2250, True, 12, 5, 0, 0.23249999999999998
2251, False, -11, 2, 1, 0.23246999999999998
2252, False, -11, 2, 1, 0.23243999999999998
2253, True, 12, 5, 0, 0.23241
2254, False, -11, 2, 1, 0.23237999999999998
2255, False, -11, 2, 1, 0.23235
2256, False, -9, 6, 2, 0.23231999999999997
2257, False, -11, 2, 2, 0.23229
2258, True, 12, 5, 0, 0.23225999999999997
2259, False, -11, 2, 1, 0.23223
2260, False, -8, 5, 1, 0.2322
2261, False, -12, 3, 3, 0.23217
2262, False, -12, 3, 1, 0.23213999999999999
2263, False, -13, 2, 1, 0.23210999999999998
2264, False, -9, 6, 1, 0.23207999999999998
2265, False, -14, 5, 1, 0.23204999999999998
2266, False, -11, 2, 0, 0.23202
2267, False, -13, 4, 0, 0.23198999999999997
2268, True, 12, 5, 0, 0.23196
2269, False, -31, 8, 1, 0.23192999999999997
2270, False, -11, 2, 2, 0.2319
2271, False, -7, 4, 2, 0.23187
2272, False, -13, 4, 1, 0.23184
2273, False, -15, 6, 1, 0.23181
2274, False, -11, 2, 0, 0.23177999999999999
2275, False, -8, 5, 1, 0.23174999999999998
2276, False, -17, 8, 3, 0.23171999999999998
2277, True, 12, 5, 0, 0.23169
2278, True, 12, 5, 0, 0.23165999999999998
2279, False, -11, 2, 0, 0.23163
2280, False, -12, 3, 2, 0.23159999999999997
2281, False, -12, 3, 0, 0.23157
2282, False, -12, 3, 1, 0.23153999999999997
2283, False, -11, 2, 2, 0.23151
2284, False, -12, 3, 0, 0.23148
2285, False, -13, 4, 0, 0.23145
2286, False, -12, 3, 1, 0.23142
2287, False, -11, 2, 0, 0.23138999999999998
2288, False, -13, 4, 0, 0.23135999999999998
2289, False, -12, 3, 0, 0.23132999999999998
2290, False, -11, 2, 1, 0.2313
2291, False, -11, 2, 0, 0.23126999999999998
2292, False, -11, 2, 1, 0.23124
2293, False, -12, 3, 1, 0.23120999999999997
2294, False, -31, 8, 1, 0.23118
2295, False, -11, 2, 1, 0.23114999999999997
2296, False, -11, 2, 0, 0.23112
2297, False, -11, 2, 0, 0.23109
2298, True, 12, 5, 0, 0.23106
2299, False, -10, 1, 1, 0.23102999999999999
2300, False, -11, 2, 1, 0.23099999999999998
2301, True, 10, 7, 0, 0.23096999999999998
2302, False, -14, 5, 0, 0.23093999999999998
2303, False, -11, 2, 0, 0.23091
2304, True, 10, 7, 2, 0.23087999999999997
2305, False, -10, 1, 1, 0.23085
2306, False, -11, 2, 0, 0.23081999999999997
2307, False, -13, 4, 0, 0.23079
2308, False, -11, 2, 0, 0.23076
2309, False, -12, 3, 1, 0.23073
2310, False, -7, 4, 1, 0.2307
2311, False, -13, 4, 1, 0.23067
2312, False, -11, 2, 0, 0.23063999999999998
2313, True, 12, 5, 0, 0.23060999999999998
2314, False, -12, 3, 1, 0.23058
2315, False, -12, 3, 2, 0.23054999999999998
2316, False, -11, 2, 1, 0.23052
2317, False, -11, 2, 2, 0.23048999999999997
2318, False, -10, 1, 1, 0.23046
2319, False, -11, 2, 1, 0.23042999999999997
2320, False, -10, 1, 1, 0.2304
2321, True, 10, 7, 0, 0.23037
2322, False, -10, 1, 1, 0.23034
2323, False, -11, 2, 1, 0.23031
2324, False, -10, 1, 1, 0.23027999999999998
2325, False, -6, 3, 1, 0.23024999999999998
2326, False, -11, 2, 0, 0.23021999999999998
2327, False, -6, 3, 1, 0.23019
2328, False, -7, 4, 1, 0.23015999999999998
2329, False, -7, 4, 2, 0.23013
2330, False, -11, 2, 0, 0.23009999999999997
2331, False, -13, 4, 0, 0.23007
2332, False, -12, 3, 0, 0.23003999999999997
2333, False, -11, 2, 0, 0.23001
2334, False, -12, 3, 1, 0.22998
2335, False, -9, 6, 2, 0.22995
2336, False, -11, 2, 1, 0.22991999999999999
2337, False, -11, 2, 0, 0.22988999999999998
2338, False, -12, 3, 0, 0.22985999999999998
2339, True, 12, 5, 0, 0.22982999999999998
2340, False, -11, 2, 1, 0.2298
2341, False, -11, 2, 1, 0.22976999999999997
2342, False, -10, 7, 2, 0.22974
2343, False, -11, 8, 2, 0.22970999999999997
2344, False, -14, 5, 2, 0.22968
2345, False, -12, 3, 0, 0.22965
2346, False, -12, 3, 0, 0.22962
2347, False, -8, 5, 2, 0.22959
2348, False, -14, 5, 2, 0.22956
2349, True, 12, 5, 0, 0.22952999999999998
2350, False, -14, 5, 1, 0.22949999999999998
2351, False, -11, 2, 0, 0.22947
2352, False, -14, 3, 2, 0.22943999999999998
2353, False, -14, 5, 1, 0.22941
2354, False, -11, 2, 1, 0.22937999999999997
2355, False, -11, 2, 0, 0.22935
2356, False, -15, 6, 2, 0.22931999999999997
2357, False, -12, 3, 0, 0.22929
2358, False, -12, 3, 0, 0.22926
2359, False, -15, 6, 0, 0.22923
2360, False, -11, 2, 0, 0.2292
2361, False, -14, 5, 2, 0.22916999999999998
2362, False, -23, 6, 1, 0.22913999999999998
2363, False, -9, 6, 1, 0.22910999999999998
2364, False, -11, 2, 0, 0.22908
2365, False, -9, 6, 1, 0.22904999999999998
2366, True, 12, 5, 0, 0.22902
2367, False, -11, 2, 1, 0.22898999999999997
2368, False, -6, 3, 1, 0.22896
2369, False, -20, 11, 2, 0.22892999999999997
2370, False, -11, 2, 1, 0.2289
2371, False, -13, 4, 0, 0.22887
2372, False, -14, 5, 2, 0.22884
2373, False, -14, 5, 1, 0.22880999999999999
2374, False, -14, 5, 1, 0.22877999999999998
2375, False, -11, 2, 0, 0.22874999999999998
2376, False, -11, 2, 0, 0.22871999999999998
2377, False, -10, 1, 1, 0.22869
2378, False, -10, 1, 1, 0.22865999999999997
2379, False, -11, 2, 1, 0.22863
2380, False, -6, 3, 1, 0.22859999999999997
2381, False, -11, 2, 0, 0.22857
2382, True, 12, 5, 0, 0.22854
2383, False, -16, 7, 1, 0.22851
2384, False, -11, 2, 1, 0.22848
2385, False, -13, 4, 2, 0.22845
2386, False, -14, 5, 1, 0.22841999999999998
2387, False, -12, 3, 0, 0.22838999999999998
2388, False, -12, 3, 0, 0.22836
2389, False, -12, 3, 1, 0.22832999999999998
2390, False, -10, 1, 1, 0.2283
2391, False, -11, 2, 0, 0.22826999999999997
2392, False, -11, 2, 1, 0.22824
2393, False, -11, 2, 0, 0.22820999999999997
2394, False, -11, 2, 0, 0.22818
2395, True, 7, 10, 1, 0.22815
2396, True, 12, 5, 0, 0.22812
2397, False, -11, 2, 0, 0.22809
2398, False, -12, 3, 0, 0.22805999999999998
2399, False, -11, 2, 1, 0.22802999999999998
2400, False, -8, 5, 1, 0.22799999999999998
2401, False, -6, 3, 1, 0.22797
2402, False, -13, 4, 1, 0.22793999999999998
2403, False, -14, 5, 3, 0.22791
2404, False, -11, 2, 0, 0.22787999999999997
2405, False, -11, 2, 1, 0.22785
2406, True, 12, 5, 0, 0.22781999999999997
2407, False, -14, 3, 1, 0.22779
2408, False, -12, 3, 2, 0.22776
2409, False, -10, 1, 1, 0.22773
2410, False, -11, 2, 0, 0.22769999999999999
2411, False, -11, 2, 1, 0.22766999999999998
2412, False, -11, 2, 1, 0.22763999999999998
2413, False, -11, 2, 0, 0.22760999999999998
2414, False, -10, 1, 1, 0.22758
2415, False, -11, 2, 1, 0.22754999999999997
2416, False, -12, 3, 2, 0.22752
2417, False, -11, 2, 1, 0.22748999999999997
2418, False, -10, 1, 1, 0.22746
2419, False, -11, 2, 0, 0.22743
2420, False, -12, 3, 0, 0.2274
2421, False, -12, 3, 2, 0.22737
2422, False, -11, 2, 0, 0.22734
2423, False, -12, 3, 0, 0.22730999999999998
2424, False, -6, 3, 1, 0.22727999999999998
2425, False, -14, 5, 2, 0.22725
2426, False, -12, 3, 0, 0.22721999999999998
2427, False, -11, 2, 0, 0.22719
2428, False, -12, 3, 1, 0.22715999999999997
2429, False, -12, 3, 1, 0.22713
2430, False, -10, 1, 1, 0.22709999999999997
2431, False, -11, 2, 0, 0.22707
2432, False, -12, 3, 0, 0.22704
2433, False, -10, 1, 1, 0.22701
2434, False, -11, 2, 0, 0.22698
2435, False, -10, 1, 1, 0.22694999999999999
2436, False, -11, 2, 1, 0.22691999999999998
2437, False, -11, 2, 0, 0.22688999999999998
2438, False, -10, 1, 1, 0.22686
2439, False, -11, 2, 1, 0.22682999999999998
2440, False, -11, 2, 2, 0.2268
2441, True, 12, 5, 0, 0.22676999999999997
2442, False, -16, 5, 1, 0.22674
2443, False, -11, 2, 1, 0.22670999999999997
2444, True, 12, 5, 0, 0.22668
2445, False, -12, 3, 1, 0.22665
2446, False, -11, 2, 0, 0.22662
2447, False, -12, 3, 1, 0.22658999999999999
2448, False, -13, 4, 0, 0.22655999999999998
2449, False, -10, 1, 1, 0.22652999999999998
2450, False, -11, 2, 1, 0.22649999999999998
2451, False, -13, 4, 1, 0.22647
2452, True, 12, 5, 0, 0.22643999999999997
2453, False, -11, 2, 1, 0.22641
2454, False, -10, 1, 1, 0.22637999999999997
2455, False, -14, 5, 2, 0.22635
2456, False, -11, 2, 1, 0.22632
2457, False, -11, 2, 1, 0.22629
2458, False, -12, 3, 0, 0.22626
2459, False, -12, 3, 0, 0.22623
2460, False, -11, 2, 0, 0.22619999999999998
2461, False, -11, 2, 0, 0.22616999999999998
2462, False, -11, 2, 1, 0.22614
2463, False, -11, 2, 0, 0.22610999999999998
2464, False, -11, 2, 1, 0.22608
2465, False, -11, 2, 1, 0.22604999999999997
2466, False, -11, 2, 1, 0.22602
2467, False, -11, 2, 1, 0.22598999999999997
2468, False, -11, 2, 1, 0.22596
2469, False, -6, 3, 1, 0.22593
2470, False, -32, 9, 4, 0.2259
2471, False, -12, 3, 0, 0.22587
2472, False, -11, 2, 1, 0.22583999999999999
2473, False, -11, 2, 0, 0.22580999999999998
2474, False, -11, 2, 0, 0.22577999999999998
2475, False, -11, 2, 2, 0.22575
2476, False, -11, 2, 1, 0.22571999999999998
2477, True, 12, 5, 0, 0.22569
2478, False, -10, 1, 1, 0.22565999999999997
2479, False, -6, 3, 1, 0.22563
2480, True, 12, 5, 0, 0.22559999999999997
2481, False, -8, 5, 1, 0.22557
2482, False, -9, 6, 1, 0.22554
2483, False, -10, 1, 1, 0.22551
2484, True, 11, 6, 0, 0.22547999999999999
2485, True, 12, 5, 0, 0.22544999999999998
2486, True, 12, 5, 0, 0.22541999999999998
2487, False, -11, 2, 1, 0.22538999999999998
2488, True, 12, 5, 0, 0.22536
2489, True, 12, 5, 0, 0.22532999999999997
2490, False, -10, 1, 1, 0.2253
2491, False, -11, 2, 1, 0.22526999999999997
2492, True, 12, 5, 0, 0.22524
2493, True, 12, 5, 0, 0.22521
2494, True, 12, 5, 0, 0.22518
2495, False, -10, 1, 1, 0.22515
2496, True, 11, 6, 0, 0.22512
2497, False, -6, 3, 1, 0.22508999999999998
2498, False, -8, 5, 1, 0.22505999999999998
2499, False, -11, 2, 1, 0.22503
2500, False, -7, 4, 1, 0.22499999999999998
2501, False, -6, 3, 1, 0.22497
2502, False, -6, 3, 1, 0.22493999999999997
2503, True, 12, 5, 0, 0.22491
