1, False, -13, 2, 1
2, False, -11, 2, 1
3, False, -15, 4, 1
4, False, -22, 7, 3
5, False, -19, 6, 3
6, False, -24, 17, 3
7, False, -11, 2, 1
8, False, -10, 1, 1
9, False, -12, 3, 2
10, False, -17, 4, 2
11, False, -10, 1, 1
12, False, -11, 6, 1
13, False, -15, 4, 1
14, False, -10, 5, 1
15, False, -14, 3, 1
16, False, -16, 5, 1
17, False, -17, 12, 4
18, False, -10, 1, 1
19, False, -19, 4, 2
20, False, -18, 5, 3
21, False, -10, 1, 0
22, False, -6, 3, 1
23, False, -10, 1, 0
24, False, -19, 8, 4
25, False, -7, 4, 1
26, False, -22, 13, 6
27, False, -11, 2, 1
28, False, -11, 2, 2
29, False, -8, 5, 1
30, False, -18, 5, 0
31, False, -15, 4, 0
32, False, -9, 6, 0
33, False, -20, 13, 2
34, False, -14, 3, 1
35, False, -10, 1, 0
36, False, -10, 1, 0
37, False, -15, 4, 0
38, False, -12, 7, 1
39, False, -7, 4, 2
40, False, -12, 3, 1
41, False, -14, 3, 2
42, False, -8, 5, 2
43, False, -12, 3, 1
44, False, -11, 2, 1
45, False, -10, 1, 0
46, False, -10, 1, 0
47, False, -11, 2, 1
48, False, -10, 1, 0
49, False, -10, 1, 0
50, False, -14, 3, 1
51, False, -12, 3, 1
52, False, -10, 1, 0
53, False, -10, 1, 0
54, False, -10, 1, 0
55, False, -24, 7, 3
56, False, -10, 1, 0
57, False, -10, 1, 0
58, False, -11, 2, 1
59, False, -10, 1, 0
60, False, -10, 1, 0
61, False, -10, 1, 1
62, False, -15, 4, 0
63, False, -11, 2, 1
64, False, -18, 5, 1
65, False, -10, 1, 0
66, False, -10, 1, 0
67, False, -8, 5, 2
68, False, -10, 1, 0
69, False, -11, 8, 2
70, False, -10, 1, 0
71, False, -10, 1, 0
72, False, -11, 2, 0
73, False, -10, 1, 0
74, False, -10, 1, 0
75, False, -10, 1, 1
76, False, -11, 2, 1
77, False, -10, 1, 0
78, False, -15, 4, 0
79, False, -11, 2, 0
80, False, -10, 1, 1
81, False, -14, 3, 1
82, False, -11, 2, 1
83, False, -10, 1, 1
84, False, -14, 3, 1
85, False, -13, 4, 1
86, False, -12, 3, 2
87, False, -11, 2, 1
88, False, -11, 2, 1
89, False, -17, 6, 2
90, False, -10, 7, 1
91, False, -7, 4, 1
92, False, -10, 1, 1
93, False, -13, 4, 2
94, False, -16, 5, 2
95, False, -12, 3, 1
96, False, -11, 2, 1
97, False, -10, 7, 2
98, False, -12, 7, 0
99, False, -6, 3, 1
100, False, -9, 6, 0
101, False, -11, 2, 1
102, False, -12, 3, 1
103, False, -7, 4, 1
104, False, -15, 6, 3
105, False, -10, 7, 1
106, False, -11, 2, 2
107, False, -12, 3, 1
108, False, -7, 4, 1
109, False, -12, 3, 3
110, False, -11, 2, 2
111, False, -12, 3, 1
112, False, -14, 3, 0
113, False, -11, 2, 1
114, False, -10, 7, 1
115, False, -10, 1, 1
116, False, -13, 10, 2
117, False, -11, 8, 3
118, False, -16, 3, 1
119, False, -16, 5, 2
120, False, -11, 2, 2
121, False, -11, 2, 1
122, False, -11, 2, 1
123, False, -8, 5, 1
124, False, -11, 2, 1
125, False, -11, 2, 1
126, False, -6, 3, 1
127, False, -25, 16, 5
128, False, -8, 5, 1
129, False, -12, 3, 2
130, False, -11, 2, 1
131, False, -10, 1, 1
132, False, -9, 6, 0
133, False, -7, 4, 1
134, False, -10, 1, 1
135, False, -11, 2, 1
136, False, -11, 2, 1
137, False, -7, 4, 0
138, False, -10, 1, 1
139, False, -10, 1, 1
140, False, -9, 6, 1
141, False, -6, 3, 1
142, False, -6, 3, 1
143, False, -10, 1, 1
144, False, -18, 13, 4
145, False, -6, 3, 0
146, False, -10, 1, 1
147, False, -11, 2, 1
148, False, -12, 3, 1
149, False, -13, 8, 2
150, False, -7, 4, 0
151, False, -12, 3, 1
152, False, -13, 8, 1
153, False, -12, 3, 1
154, False, -11, 2, 1
155, False, -18, 5, 2
156, False, -6, 3, 1
157, False, -11, 2, 1
158, False, -11, 2, 2
159, False, -6, 3, 0
160, False, -13, 8, 2
161, False, -9, 6, 2
162, False, -11, 2, 1
163, False, -10, 1, 1
164, False, -7, 4, 0
165, False, -11, 2, 1
166, False, -7, 4, 1
167, False, -10, 1, 1
168, False, -6, 3, 0
169, False, -12, 3, 1
170, False, -14, 9, 2
171, False, -12, 3, 2
172, False, -11, 2, 1
173, False, -7, 4, 1
174, False, -14, 5, 2
175, False, -6, 3, 0
176, False, -6, 3, 0
177, False, -12, 3, 1
178, False, -7, 4, 0
179, False, -15, 4, 2
180, False, -12, 3, 1
181, False, -11, 8, 3
182, False, -11, 2, 1
183, False, -7, 4, 0
184, False, -8, 5, 2
185, False, -10, 1, 1
186, False, -7, 4, 0
187, False, -13, 4, 4
188, False, -10, 1, 1
189, False, -7, 4, 0
190, False, -7, 4, 0
191, False, -7, 4, 0
192, False, -10, 1, 1
193, False, -11, 2, 1
194, False, -12, 3, 1
195, False, -10, 1, 1
196, False, -7, 4, 1
197, False, -13, 4, 2
198, False, -7, 4, 0
199, False, -6, 3, 0
200, False, -13, 4, 2
201, False, -11, 2, 1
202, False, -12, 3, 2
203, False, -12, 3, 1
204, False, -7, 4, 0
205, False, -12, 3, 2
206, False, -7, 4, 0
207, False, -7, 4, 1
208, False, -11, 2, 1
209, False, -7, 4, 0
210, False, -12, 3, 1
211, False, -11, 2, 1
212, False, -9, 6, 2
213, False, -11, 2, 1
214, False, -7, 4, 0
215, False, -11, 2, 1
216, False, -12, 3, 2
217, False, -27, 8, 5
218, False, -7, 4, 1
219, False, -10, 1, 1
220, False, -11, 2, 1
221, False, -11, 2, 1
222, False, -15, 8, 1
223, False, -10, 1, 1
224, False, -13, 4, 1
225, False, -12, 3, 1
226, False, -11, 2, 1
227, False, -13, 4, 2
228, False, -14, 5, 1
229, False, -11, 6, 1
230, False, -11, 2, 1
231, False, -13, 4, 1
232, False, -12, 7, 2
233, False, -11, 2, 1
234, False, -12, 3, 1
235, False, -11, 2, 1
236, False, -14, 3, 0
237, False, -15, 6, 1
238, False, -13, 4, 2
239, False, -13, 4, 2
240, False, -20, 5, 3
241, False, -11, 2, 1
242, False, -11, 2, 0
243, False, -11, 2, 1
244, False, -11, 2, 1
245, False, -11, 2, 2
246, False, -10, 1, 1
247, False, -11, 2, 0
248, False, -12, 3, 2
249, False, -14, 9, 2
250, False, -11, 2, 1
251, False, -12, 3, 1
252, False, -14, 5, 2
253, False, -10, 1, 1
254, False, -12, 3, 2
255, False, -16, 11, 2
256, False, -10, 1, 1
257, False, -8, 5, 1
258, False, -12, 3, 1
259, False, -12, 9, 3
260, False, -11, 8, 2
261, False, -17, 4, 2
262, False, -13, 8, 2
263, False, -13, 8, 1
264, False, -9, 6, 1
265, False, -12, 3, 1
266, False, -13, 10, 2
267, False, -11, 2, 1
268, False, -11, 2, 1
269, False, -10, 1, 1
270, False, -14, 5, 2
271, False, -10, 1, 1
272, False, -10, 1, 1
273, False, -13, 4, 2
274, False, -13, 8, 0
275, False, -9, 6, 1
276, False, -11, 2, 1
277, False, -12, 3, 1
278, False, -12, 9, 3
279, False, -12, 3, 1
280, False, -10, 1, 1
281, False, -13, 8, 2
282, False, -13, 10, 4
283, False, -10, 7, 0
284, False, -7, 4, 1
285, False, -18, 15, 4
286, False, -25, 20, 6
287, False, -11, 2, 1
288, False, -15, 6, 2
289, False, -13, 10, 3
290, False, -11, 2, 1
291, False, -9, 6, 1
292, False, -11, 2, 1
293, False, -12, 3, 2
294, False, -10, 7, 1
295, False, -9, 6, 2
296, False, -11, 2, 2
297, False, -10, 7, 1
298, False, -10, 1, 1
299, False, -10, 1, 1
300, False, -17, 14, 1
301, False, -20, 17, 3
302, False, -16, 13, 1
303, False, -10, 1, 1
304, False, -8, 5, 1
305, False, -10, 7, 2
306, False, -11, 2, 1
307, False, -10, 1, 1
308, False, -11, 2, 1
309, False, -11, 2, 1
310, False, -8, 5, 1
311, False, -9, 6, 1
312, False, -8, 5, 1
313, False, -14, 7, 2
314, False, -6, 3, 1
315, False, -6, 3, 1
316, False, -10, 1, 1
317, False, -11, 6, 2
318, False, -17, 6, 1
319, False, -11, 2, 2
320, False, -11, 2, 1
321, False, -11, 8, 4
322, False, -11, 2, 1
323, False, -20, 11, 3
324, False, -12, 7, 2
325, False, -11, 8, 1
326, False, -15, 8, 3
327, False, -16, 13, 4
328, False, -11, 2, 1
329, False, -7, 4, 2
330, False, -13, 4, 2
331, False, -6, 3, 1
332, False, -6, 3, 1
333, False, -11, 8, 2
334, False, -10, 1, 1
335, False, -14, 11, 1
336, False, -18, 15, 4
337, False, -12, 9, 1
338, False, -15, 6, 5
339, False, -6, 3, 1
340, False, -12, 3, 3
341, False, -19, 8, 2
342, False, -30, 19, 5
343, False, -10, 1, 1
344, False, -19, 16, 3
345, False, -8, 5, 1
346, False, -18, 15, 6
347, False, -11, 2, 1
348, False, -13, 4, 2
349, False, -12, 3, 2
350, False, -31, 24, 2
351, False, -14, 3, 1
352, False, -14, 5, 1
353, False, -15, 6, 2
354, False, -11, 2, 1
355, False, -13, 2, 1
356, False, -16, 7, 1
357, False, -12, 3, 1
358, False, -11, 2, 1
359, False, -13, 4, 2
360, False, -11, 2, 1
361, False, -16, 7, 2
362, False, -13, 4, 1
363, False, -12, 3, 1
364, False, -13, 4, 1
365, False, -11, 8, 1
366, False, -12, 3, 0
367, False, -12, 3, 1
368, False, -11, 8, 3
369, False, -12, 3, 1
370, False, -10, 5, 1
371, False, -12, 3, 0
372, False, -11, 2, 1
373, False, -14, 9, 2
374, False, -17, 8, 1
375, False, -24, 15, 3
376, False, -11, 2, 0
377, False, -14, 5, 2
378, False, -11, 2, 1
379, False, -22, 7, 3
380, False, -11, 2, 0
381, False, -10, 1, 1
382, False, -11, 2, 1
383, False, -14, 5, 1
384, False, -13, 4, 0
385, False, -20, 7, 0
386, False, -14, 5, 1
387, False, -11, 2, 1
388, False, -12, 3, 1
389, False, -11, 2, 1
390, False, -10, 1, 1
391, False, -11, 2, 0
392, False, -13, 4, 1
393, False, -10, 1, 1
394, False, -13, 4, 1
395, False, -11, 2, 1
396, False, -11, 2, 1
397, False, -15, 6, 1
398, False, -11, 2, 0
399, False, -25, 16, 3
400, False, -12, 3, 1
401, False, -19, 10, 2
402, False, -11, 2, 1
403, False, -11, 2, 1
404, False, -11, 2, 1
405, False, -11, 2, 1
406, False, -13, 4, 1
407, False, -12, 3, 0
408, False, -17, 8, 1
409, False, -13, 4, 2
410, False, -13, 4, 0
411, False, -12, 3, 0
412, False, -11, 2, 2
413, False, -17, 8, 3
414, False, -10, 1, 1
415, False, -11, 2, 1
416, False, -14, 5, 1
417, False, -15, 6, 1
418, False, -11, 2, 1
419, False, -12, 3, 2
420, False, -11, 2, 2
421, False, -11, 2, 2
422, False, -11, 2, 1
423, False, -24, 15, 1
424, False, -12, 3, 0
425, False, -10, 1, 1
426, False, -11, 2, 1
427, False, -11, 2, 1
428, False, -15, 6, 2
429, False, -11, 2, 1
430, False, -11, 2, 1
431, False, -11, 2, 1
432, False, -12, 3, 1
433, False, -12, 3, 0
434, False, -12, 3, 0
435, False, -10, 1, 1
436, False, -10, 1, 1
437, False, -10, 1, 0
438, False, -12, 3, 0
439, False, -10, 1, 0
440, False, -12, 3, 0
441, False, -13, 4, 1
442, False, -11, 2, 1
443, False, -12, 3, 0
444, False, -12, 3, 1
445, False, -11, 2, 0
446, False, -10, 1, 1
447, False, -12, 3, 1
448, False, -10, 1, 1
449, False, -15, 4, 1
450, False, -11, 2, 1
451, False, -11, 2, 0
452, False, -10, 1, 0
453, False, -12, 3, 0
454, False, -11, 2, 1
455, False, -12, 3, 0
456, False, -14, 5, 1
457, False, -17, 4, 1
458, False, -10, 1, 1
459, False, -12, 3, 0
460, False, -10, 1, 0
461, False, -15, 6, 2
462, False, -13, 4, 2
463, False, -22, 13, 3
464, False, -12, 3, 1
465, False, -13, 4, 0
466, False, -12, 3, 1
467, False, -11, 2, 0
468, False, -11, 2, 1
469, False, -10, 1, 1
470, False, -12, 3, 1
471, False, -11, 2, 1
472, False, -15, 6, 2
473, False, -10, 1, 0
474, False, -10, 1, 1
475, False, -13, 4, 0
476, False, -13, 4, 1
477, False, -13, 4, 2
478, False, -9, 6, 2
479, False, -10, 1, 1
480, False, -10, 1, 0
481, False, -13, 4, 1
482, False, -11, 2, 0
483, False, -23, 10, 2
484, False, -17, 8, 2
485, False, -11, 2, 1
486, False, -12, 3, 0
487, False, -11, 2, 1
488, False, -11, 2, 2
489, False, -11, 2, 0
490, False, -10, 1, 1
491, False, -11, 2, 1
492, False, -11, 2, 1
493, False, -11, 2, 0
494, False, -30, 9, 2
495, False, -13, 4, 1
496, False, -10, 1, 0
497, False, -10, 1, 1
498, False, -12, 3, 0
499, False, -18, 9, 2
500, False, -11, 2, 0
501, False, -10, 1, 1
502, False, -10, 1, 1
503, False, -10, 1, 1
504, False, -10, 1, 1
505, False, -20, 9, 2
506, False, -12, 3, 1
507, False, -11, 2, 0
508, False, -11, 2, 0
509, False, -14, 5, 1
510, False, -10, 1, 0
511, False, -11, 2, 0
512, False, -10, 1, 1
513, False, -12, 3, 2
514, False, -10, 1, 0
515, False, -12, 3, 0
516, False, -12, 3, 0
517, False, -11, 2, 1
518, False, -14, 5, 1
519, False, -11, 2, 1
520, False, -11, 2, 2
521, False, -12, 3, 0
522, False, -10, 1, 1
523, False, -10, 1, 0
524, False, -15, 6, 1
525, False, -11, 2, 1
526, False, -11, 2, 0
527, False, -10, 1, 0
528, False, -10, 1, 1
529, False, -14, 3, 1
530, False, -10, 1, 0
531, False, -21, 8, 2
532, False, -10, 1, 0
533, False, -11, 2, 0
534, False, -10, 1, 1
535, False, -10, 1, 1
536, False, -11, 2, 0
537, False, -11, 2, 1
538, False, -11, 2, 1
539, False, -10, 1, 1
540, False, -12, 3, 1
541, False, -11, 2, 1
542, False, -13, 4, 1
543, False, -10, 1, 1
544, False, -10, 1, 1
545, False, -7, 4, 2
546, False, -12, 3, 0
547, False, -11, 2, 0
548, False, -16, 7, 2
549, False, -11, 2, 1
550, False, -11, 2, 0
551, False, -10, 1, 1
552, False, -17, 8, 3
553, False, -10, 1, 1
554, False, -13, 4, 2
555, False, -10, 1, 1
556, False, -12, 3, 0
557, False, -13, 4, 4
558, False, -14, 5, 1
559, False, -13, 4, 1
560, False, -17, 8, 0
561, False, -10, 1, 1
562, False, -11, 2, 0
563, False, -14, 5, 1
564, False, -10, 1, 0
565, False, -13, 4, 1
566, False, -9, 6, 2
567, False, -11, 2, 0
568, False, -12, 3, 2
569, False, -11, 2, 1
570, False, -12, 3, 1
571, False, -10, 1, 1
572, False, -10, 1, 0
573, False, -18, 9, 2
574, False, -11, 2, 0
575, False, -11, 2, 0
576, False, -11, 2, 1
577, False, -15, 6, 2
578, False, -25, 6, 3
579, False, -11, 2, 2
580, False, -10, 1, 0
581, False, -14, 5, 1
582, False, -11, 2, 1
583, False, -11, 2, 1
584, False, -10, 1, 1
585, False, -11, 2, 1
586, False, -15, 6, 2
587, False, -12, 3, 0
588, False, -13, 4, 1
589, False, -15, 6, 2
590, False, -12, 3, 1
591, False, -14, 5, 1
592, False, -11, 2, 1
593, False, -10, 1, 0
594, False, -11, 2, 0
595, False, -10, 1, 1
596, False, -12, 3, 1
597, False, -15, 4, 1
598, False, -10, 1, 1
599, False, -11, 2, 0
600, False, -11, 2, 0
601, False, -11, 2, 1
602, False, -13, 4, 1
603, False, -10, 1, 1
604, False, -14, 3, 0
605, False, -13, 4, 1
606, False, -10, 1, 1
607, False, -11, 2, 1
608, False, -13, 4, 2
609, False, -11, 2, 1
610, False, -11, 2, 0
611, False, -11, 2, 0
612, False, -10, 1, 1
613, False, -11, 2, 2
614, False, -10, 1, 1
615, False, -11, 2, 1
616, False, -11, 2, 0
617, False, -12, 3, 2
618, False, -17, 8, 1
619, False, -11, 2, 1
620, False, -11, 2, 1
621, False, -10, 7, 1
622, False, -16, 7, 2
623, False, -11, 2, 0
624, False, -11, 2, 1
625, False, -11, 2, 0
626, False, -11, 2, 1
627, False, -11, 2, 2
628, False, -11, 2, 1
629, False, -10, 1, 1
630, False, -11, 2, 1
631, False, -11, 2, 0
632, False, -15, 6, 4
633, False, -12, 3, 0
634, False, -11, 2, 0
635, False, -11, 2, 1
636, False, -11, 2, 0
637, False, -11, 2, 0
638, False, -11, 2, 0
639, False, -11, 2, 1
640, False, -11, 2, 0
641, False, -11, 2, 1
642, False, -14, 5, 0
643, False, -11, 2, 0
644, False, -12, 3, 1
645, False, -13, 4, 1
646, False, -12, 3, 0
647, False, -11, 2, 1
648, False, -11, 2, 1
649, False, -12, 3, 1
650, False, -13, 4, 0
651, False, -11, 2, 1
652, False, -11, 2, 1
653, False, -16, 13, 3
654, False, -11, 2, 1
655, False, -12, 3, 0
656, False, -14, 5, 0
657, False, -11, 2, 1
658, False, -11, 2, 1
659, False, -25, 10, 2
660, False, -13, 4, 0
661, False, -13, 10, 2
662, False, -14, 5, 2
663, False, -11, 2, 0
664, False, -12, 3, 0
665, False, -13, 4, 0
666, False, -11, 2, 2
667, False, -18, 9, 3
668, False, -12, 3, 0
669, False, -10, 1, 1
670, False, -11, 2, 0
671, False, -11, 2, 1
672, False, -11, 2, 1
673, False, -11, 2, 0
674, False, -11, 2, 0
675, False, -10, 1, 1
676, False, -11, 2, 0
677, False, -11, 2, 1
678, False, -11, 2, 0
679, False, -15, 6, 0
680, False, -10, 1, 1
681, False, -15, 6, 1
682, False, -13, 4, 0
683, False, -29, 8, 2
684, False, -10, 1, 1
685, False, -11, 2, 0
686, False, -12, 3, 1
687, False, -11, 2, 1
688, False, -11, 2, 0
689, False, -11, 2, 0
690, False, -14, 5, 1
691, False, -12, 3, 0
692, False, -14, 5, 2
693, False, -10, 1, 1
694, False, -11, 2, 0
695, False, -12, 3, 0
696, False, -11, 2, 0
697, False, -12, 3, 2
698, False, -12, 3, 2
699, False, -13, 4, 2
700, False, -10, 1, 1
701, False, -12, 3, 1
702, False, -10, 1, 1
703, False, -12, 3, 0
704, False, -10, 1, 1
705, False, -10, 1, 1
706, False, -11, 2, 0
707, False, -12, 3, 0
708, False, -11, 2, 1
709, False, -11, 2, 0
710, False, -13, 4, 2
711, False, -11, 2, 0
712, False, -10, 1, 1
713, False, -14, 5, 1
714, False, -11, 2, 0
715, False, -12, 3, 1
716, False, -10, 1, 1
717, False, -10, 1, 1
718, False, -12, 3, 1
719, False, -11, 2, 0
720, False, -14, 5, 0
721, False, -11, 2, 0
722, False, -12, 3, 0
723, False, -10, 1, 1
724, False, -10, 1, 1
725, False, -25, 8, 3
726, False, -10, 1, 1
727, False, -12, 3, 0
728, False, -11, 2, 1
729, False, -11, 2, 0
730, False, -11, 2, 0
731, False, -10, 1, 1
732, False, -12, 3, 0
733, False, -11, 2, 0
734, False, -10, 1, 1
735, False, -10, 1, 1
736, False, -18, 7, 1
737, False, -27, 8, 0
738, False, -10, 1, 1
739, False, -11, 2, 1
740, False, -11, 2, 1
741, False, -17, 8, 0
742, False, -10, 1, 1
743, False, -12, 3, 0
744, False, -12, 3, 2
745, False, -12, 3, 0
746, False, -10, 1, 1
747, False, -14, 5, 0
748, False, -12, 3, 1
749, False, -11, 2, 0
750, False, -11, 2, 0
751, False, -12, 3, 0
752, False, -12, 3, 0
753, False, -12, 3, 1
754, False, -11, 2, 0
755, False, -11, 2, 0
756, False, -13, 4, 0
757, False, -11, 2, 1
758, False, -12, 3, 0
759, False, -12, 3, 0
760, False, -10, 1, 1
761, False, -12, 3, 1
762, False, -11, 2, 1
763, False, -16, 7, 1
764, False, -11, 2, 0
765, False, -12, 3, 0
766, False, -11, 2, 0
767, False, -20, 7, 3
768, False, -17, 6, 0
769, False, -12, 3, 0
770, False, -11, 2, 1
771, False, -13, 4, 1
772, False, -12, 3, 1
773, False, -11, 2, 0
774, False, -10, 1, 1
775, False, -17, 6, 1
776, False, -20, 11, 2
777, False, -13, 4, 1
778, False, -11, 2, 1
779, False, -13, 4, 0
780, False, -11, 2, 1
781, False, -11, 2, 1
782, False, -12, 3, 1
783, False, -11, 2, 0
784, False, -12, 3, 1
785, False, -11, 2, 0
786, False, -11, 2, 0
787, False, -10, 1, 1
788, False, -11, 2, 0
789, False, -11, 2, 1
790, False, -11, 2, 0
791, False, -13, 4, 0
792, False, -11, 2, 1
793, False, -11, 2, 1
794, False, -12, 3, 1
795, False, -11, 2, 1
796, False, -12, 3, 0
797, False, -10, 1, 1
798, False, -11, 2, 1
799, False, -13, 4, 1
800, False, -11, 2, 0
801, False, -12, 3, 2
802, False, -11, 2, 0
803, False, -13, 4, 2
804, False, -14, 5, 1
805, False, -12, 3, 0
806, False, -11, 2, 0
807, False, -18, 11, 5
808, False, -11, 2, 0
809, False, -11, 2, 1
810, False, -12, 3, 0
811, False, -12, 9, 3
812, False, -10, 1, 1
813, False, -10, 7, 2
814, False, -11, 2, 1
815, False, -11, 8, 1
816, False, -10, 1, 1
817, False, -10, 1, 1
818, False, -6, 3, 1
819, False, -10, 1, 1
820, False, -13, 10, 0
821, False, -11, 2, 1
822, False, -19, 10, 2
823, False, -11, 2, 1
824, False, -7, 4, 1
825, False, -9, 6, 2
826, False, -10, 1, 1
827, False, -23, 20, 3
828, False, -11, 2, 2
829, False, -11, 2, 1
830, False, -8, 5, 1
831, False, -12, 9, 0
832, False, -8, 5, 1
833, False, -14, 5, 3
834, False, -11, 2, 1
835, False, -11, 2, 1
836, False, -12, 3, 1
837, True, 7, 10, 1
838, False, -7, 4, 1
839, False, -13, 4, 1
840, False, -8, 5, 1
841, False, -12, 9, 1
842, True, 9, 8, 2
843, False, -16, 13, 4
844, False, -10, 7, 3
845, False, -13, 10, 3
846, False, -19, 16, 1
847, False, -6, 3, 1
848, False, -10, 1, 1
849, False, -11, 2, 1
850, False, -6, 3, 1
851, False, -11, 2, 1
852, False, -11, 2, 1
853, False, -9, 6, 2
854, False, -29, 18, 4
855, False, -13, 4, 0
856, False, -11, 2, 1
857, False, -10, 1, 1
858, False, -13, 4, 0
859, False, -10, 1, 1
860, False, -11, 2, 1
861, False, -14, 5, 1
862, False, -10, 1, 1
863, False, -11, 2, 0
864, False, -14, 3, 1
865, False, -12, 3, 0
866, False, -11, 2, 0
867, False, -17, 8, 4
868, False, -12, 3, 1
869, False, -13, 4, 1
870, False, -13, 4, 2
871, False, -11, 2, 0
872, False, -11, 2, 1
873, False, -11, 2, 0
874, False, -12, 3, 1
875, False, -12, 3, 0
876, False, -10, 1, 1
877, False, -13, 4, 1
878, False, -11, 2, 0
879, False, -17, 8, 1
880, False, -11, 2, 1
881, False, -15, 6, 3
882, False, -11, 2, 1
883, False, -12, 3, 1
884, False, -11, 2, 0
885, False, -12, 3, 1
886, False, -12, 3, 0
887, False, -16, 5, 0
888, False, -11, 2, 0
889, False, -18, 9, 3
890, False, -12, 3, 1
891, False, -11, 2, 1
892, False, -12, 3, 0
893, False, -10, 1, 1
894, False, -12, 3, 0
895, False, -11, 2, 0
896, False, -11, 2, 0
897, False, -12, 3, 0
898, False, -11, 2, 0
899, False, -11, 2, 0
900, False, -11, 2, 2
901, False, -11, 2, 1
902, False, -12, 3, 0
903, False, -11, 2, 0
904, False, -11, 2, 0
905, False, -13, 4, 1
906, False, -13, 2, 2
907, False, -11, 2, 0
908, False, -11, 2, 1
909, False, -12, 3, 0
910, False, -11, 2, 0
911, False, -12, 3, 1
912, False, -11, 2, 2
913, False, -17, 8, 1
914, False, -11, 2, 0
915, False, -13, 4, 1
916, False, -11, 2, 0
917, False, -10, 1, 1
918, False, -11, 2, 1
919, False, -13, 4, 0
920, False, -11, 2, 0
921, False, -10, 1, 1
922, False, -13, 4, 0
923, False, -11, 2, 0
924, False, -19, 4, 1
925, False, -14, 3, 1
926, False, -13, 4, 1
927, False, -12, 3, 1
928, False, -13, 4, 1
929, False, -10, 1, 1
930, False, -11, 2, 0
931, False, -12, 3, 1
932, False, -14, 5, 2
933, False, -11, 2, 1
934, False, -15, 6, 1
935, False, -10, 1, 1
936, False, -18, 9, 2
937, False, -11, 2, 1
938, False, -12, 3, 0
939, False, -11, 2, 1
940, False, -12, 3, 1
941, False, -15, 6, 3
942, False, -11, 2, 0
943, False, -12, 3, 1
944, False, -11, 2, 0
945, False, -12, 3, 1
946, False, -11, 2, 0
947, False, -10, 1, 1
948, False, -10, 1, 1
949, False, -12, 7, 1
950, False, -11, 2, 1
951, False, -14, 5, 1
952, False, -12, 3, 2
953, False, -13, 4, 1
954, False, -11, 2, 0
955, False, -11, 2, 0
956, False, -11, 2, 0
957, False, -10, 7, 1
958, False, -11, 2, 1
959, False, -13, 4, 1
960, False, -10, 1, 1
961, False, -11, 2, 1
962, False, -10, 1, 1
963, False, -10, 1, 1
964, False, -11, 2, 1
965, False, -10, 1, 1
966, False, -11, 2, 0
967, False, -10, 1, 1
968, False, -15, 6, 2
969, False, -10, 1, 1
970, False, -13, 4, 1
971, False, -11, 2, 1
972, False, -14, 5, 2
973, False, -11, 2, 1
974, False, -12, 3, 1
975, False, -11, 2, 0
976, False, -11, 2, 1
977, False, -12, 3, 0
978, False, -12, 3, 0
979, False, -11, 2, 0
980, False, -15, 6, 0
981, False, -11, 2, 1
982, False, -12, 3, 1
983, False, -11, 2, 0
984, False, -11, 2, 1
985, False, -10, 1, 1
986, False, -13, 4, 2
987, False, -12, 3, 0
988, False, -12, 3, 1
989, False, -9, 6, 1
990, False, -11, 2, 0
991, False, -11, 2, 0
992, False, -11, 2, 1
993, False, -11, 2, 0
994, False, -14, 5, 1
995, False, -13, 4, 0
996, False, -11, 2, 0
997, False, -11, 2, 0
998, False, -11, 2, 0
999, False, -13, 4, 1
1000, False, -11, 2, 0
1001, False, -10, 1, 1
1002, False, -12, 3, 0
1003, False, -17, 8, 0
1004, False, -12, 3, 0
1005, False, -10, 1, 1
1006, False, -11, 2, 0
1007, False, -11, 2, 0
1008, False, -11, 2, 0
1009, False, -11, 2, 0
1010, False, -11, 2, 0
1011, False, -10, 1, 1
1012, False, -11, 2, 1
1013, False, -13, 4, 1
1014, False, -12, 3, 0
1015, False, -11, 2, 1
1016, False, -11, 2, 0
1017, False, -13, 4, 3
1018, False, -11, 2, 1
1019, False, -11, 2, 0
1020, False, -8, 5, 1
1021, False, -11, 2, 1
1022, False, -14, 5, 0
1023, False, -18, 13, 1
1024, False, -9, 6, 2
1025, False, -11, 2, 1
1026, False, -10, 1, 1
1027, False, -11, 2, 0
1028, False, -12, 3, 1
1029, False, -12, 3, 1
1030, False, -12, 3, 1
1031, False, -12, 3, 1
1032, False, -12, 3, 1
1033, False, -11, 2, 2
1034, False, -12, 3, 1
1035, False, -12, 3, 1
1036, False, -7, 4, 1
1037, False, -11, 2, 2
1038, False, -14, 5, 1
1039, False, -15, 6, 1
1040, False, -13, 4, 0
1041, False, -10, 1, 1
1042, False, -10, 1, 1
1043, False, -12, 7, 1
1044, False, -13, 4, 1
1045, False, -11, 2, 1
1046, False, -7, 4, 1
1047, False, -12, 3, 1
1048, False, -14, 5, 0
1049, False, -11, 2, 1
1050, False, -10, 7, 0
1051, False, -11, 2, 1
1052, False, -8, 5, 1
1053, False, -10, 1, 1
1054, False, -14, 7, 1
1055, False, -12, 7, 1
1056, False, -11, 2, 1
1057, False, -13, 4, 1
1058, False, -13, 4, 2
1059, False, -10, 7, 1
1060, False, -11, 2, 1
1061, False, -12, 3, 1
1062, False, -10, 1, 1
1063, False, -10, 1, 1
1064, False, -8, 5, 2
1065, False, -10, 7, 2
1066, False, -11, 2, 1
1067, False, -11, 2, 2
1068, False, -24, 7, 2
1069, False, -9, 6, 1
1070, False, -11, 2, 1
1071, False, -11, 2, 1
1072, False, -11, 2, 1
1073, False, -8, 5, 1
1074, False, -11, 2, 0
1075, False, -7, 4, 0
1076, False, -13, 4, 2
1077, False, -7, 4, 0
1078, False, -7, 4, 0
1079, False, -10, 1, 1
1080, False, -7, 4, 0
1081, False, -7, 4, 0
1082, False, -11, 2, 0
1083, False, -7, 4, 0
1084, False, -13, 4, 1
1085, False, -14, 3, 2
1086, False, -12, 3, 1
1087, False, -12, 3, 0
1088, False, -10, 1, 1
1089, False, -11, 2, 1
1090, False, -12, 3, 1
1091, False, -13, 4, 2
1092, False, -12, 3, 1
1093, False, -12, 9, 2
1094, False, -12, 3, 2
1095, False, -10, 1, 1
1096, False, -12, 3, 1
1097, False, -9, 6, 1
1098, False, -7, 4, 0
1099, False, -7, 4, 0
1100, False, -7, 4, 1
1101, False, -8, 5, 0
1102, False, -13, 4, 2
1103, False, -10, 1, 1
1104, False, -7, 4, 0
1105, False, -11, 2, 2
1106, False, -7, 4, 0
1107, False, -7, 4, 0
1108, False, -12, 7, 2
1109, False, -12, 3, 1
1110, False, -9, 6, 1
1111, False, -12, 3, 1
1112, False, -12, 3, 1
1113, False, -11, 2, 1
1114, False, -11, 2, 1
1115, False, -13, 4, 2
1116, False, -13, 4, 2
1117, False, -11, 2, 1
1118, False, -7, 4, 0
1119, False, -9, 6, 2
1120, False, -12, 3, 1
1121, False, -11, 8, 2
1122, False, -11, 2, 1
1123, False, -7, 4, 0
1124, False, -13, 4, 2
1125, False, -12, 3, 0
1126, False, -14, 5, 1
1127, False, -12, 3, 1
1128, False, -11, 2, 0
1129, False, -13, 4, 0
1130, False, -10, 1, 1
1131, False, -10, 1, 1
1132, False, -12, 3, 1
1133, False, -7, 4, 0
1134, False, -12, 3, 1
1135, False, -10, 1, 1
1136, False, -12, 3, 1
1137, False, -7, 4, 0
1138, False, -10, 1, 1
1139, False, -12, 3, 1
1140, False, -8, 5, 1
1141, False, -11, 2, 0
1142, False, -7, 4, 1
1143, False, -12, 3, 1
1144, False, -11, 2, 1
1145, False, -10, 1, 1
1146, False, -9, 6, 1
1147, False, -11, 2, 1
1148, False, -10, 1, 1
1149, False, -11, 2, 1
1150, False, -12, 3, 1
1151, False, -10, 1, 1
1152, False, -10, 1, 1
1153, False, -7, 4, 0
1154, False, -11, 2, 2
1155, False, -13, 4, 3
1156, False, -10, 1, 1
1157, False, -11, 2, 1
1158, False, -7, 4, 0
1159, False, -14, 5, 1
1160, False, -7, 4, 0
1161, False, -10, 1, 1
1162, False, -11, 2, 1
1163, False, -7, 4, 0
1164, False, -11, 2, 0
1165, False, -11, 2, 1
1166, False, -12, 3, 0
1167, False, -11, 2, 1
1168, False, -11, 2, 1
1169, False, -10, 1, 1
1170, False, -7, 4, 0
1171, False, -11, 2, 1
1172, False, -11, 2, 0
1173, False, -10, 1, 1
1174, False, -12, 3, 2
1175, False, -10, 1, 1
1176, True, 2, 15, 2
1177, False, -11, 2, 0
1178, False, -12, 3, 2
1179, False, -13, 4, 1
1180, False, -7, 4, 0
1181, False, -12, 3, 1
1182, False, -11, 2, 1
1183, False, -15, 6, 3
1184, False, -7, 4, 0
1185, False, -12, 3, 0
1186, False, -7, 4, 1
1187, False, -7, 4, 0
1188, False, -10, 5, 3
1189, False, -15, 8, 1
1190, False, -13, 8, 2
1191, False, -14, 5, 3
1192, False, -11, 2, 1
1193, False, -10, 1, 1
1194, False, -12, 3, 1
1195, False, -10, 1, 1
1196, False, -10, 1, 1
1197, False, -7, 4, 1
1198, False, -11, 2, 1
1199, False, -12, 3, 1
1200, False, -9, 6, 2
1201, False, -13, 4, 1
1202, False, -12, 7, 2
1203, False, -11, 2, 1
1204, False, -16, 9, 2
1205, False, -14, 5, 1
1206, False, -12, 7, 0
1207, False, -11, 2, 1
1208, False, -13, 4, 1
1209, False, -10, 1, 1
1210, False, -16, 3, 1
1211, False, -18, 9, 2
1212, False, -11, 2, 0
1213, False, -11, 2, 1
1214, False, -14, 5, 3
1215, False, -11, 2, 0
1216, False, -11, 2, 1
1217, False, -11, 2, 2
1218, False, -12, 3, 0
1219, False, -12, 3, 1
1220, False, -11, 2, 0
1221, False, -13, 4, 2
1222, False, -12, 3, 0
1223, False, -11, 2, 1
1224, False, -15, 6, 1
1225, False, -12, 3, 1
1226, False, -10, 1, 1
1227, False, -12, 3, 1
1228, False, -13, 4, 1
1229, False, -11, 2, 0
1230, False, -10, 1, 1
1231, False, -10, 1, 1
1232, False, -10, 1, 1
1233, False, -11, 2, 1
1234, False, -13, 4, 2
1235, False, -11, 2, 0
1236, False, -10, 1, 1
1237, False, -13, 4, 2
1238, False, -11, 2, 0
1239, False, -12, 3, 1
1240, False, -12, 3, 1
1241, False, -11, 2, 1
1242, False, -13, 4, 2
1243, False, -13, 4, 3
1244, False, -11, 2, 0
1245, False, -11, 2, 0
1246, False, -11, 2, 0
1247, False, -12, 3, 1
1248, False, -10, 1, 1
1249, False, -11, 2, 0
1250, False, -11, 2, 1
1251, False, -13, 4, 1
1252, False, -11, 2, 0
1253, False, -9, 6, 1
1254, False, -11, 2, 1
1255, False, -12, 3, 1
1256, False, -12, 3, 2
1257, False, -11, 2, 0
1258, False, -10, 1, 1
1259, False, -11, 2, 1
1260, False, -12, 3, 1
1261, False, -12, 3, 1
1262, False, -11, 2, 1
1263, False, -11, 2, 1
1264, False, -11, 2, 0
1265, False, -11, 2, 1
1266, False, -11, 2, 0
1267, False, -15, 6, 1
1268, False, -12, 3, 0
1269, False, -12, 3, 0
1270, False, -12, 3, 2
1271, False, -11, 2, 0
1272, False, -12, 3, 1
1273, False, -12, 3, 0
1274, False, -11, 2, 0
1275, False, -13, 4, 2
1276, False, -11, 2, 0
1277, False, -14, 5, 2
1278, False, -10, 1, 1
1279, False, -11, 2, 0
1280, False, -11, 2, 0
1281, False, -12, 3, 2
1282, False, -11, 2, 1
1283, False, -11, 2, 0
1284, False, -13, 4, 0
1285, False, -12, 3, 2
1286, False, -14, 5, 0
1287, False, -11, 2, 0
1288, False, -13, 4, 0
1289, False, -11, 2, 0
1290, False, -11, 2, 0
1291, False, -11, 2, 0
1292, False, -11, 2, 0
1293, False, -11, 2, 0
1294, False, -11, 2, 0
1295, False, -13, 10, 2
1296, False, -11, 2, 0
1297, False, -12, 3, 0
1298, False, -11, 2, 1
1299, False, -11, 2, 0
1300, False, -11, 2, 0
1301, False, -15, 6, 2
1302, False, -10, 1, 1
1303, False, -13, 4, 1
1304, False, -11, 2, 0
1305, False, -10, 1, 1
1306, False, -11, 2, 1
1307, False, -11, 2, 2
1308, False, -6, 3, 1
1309, False, -10, 7, 1
1310, False, -12, 7, 0
1311, False, -12, 3, 2
1312, True, 8, 9, 1
1313, False, -11, 2, 1
1314, False, -11, 2, 0
1315, False, -10, 1, 1
1316, False, -11, 2, 0
1317, False, -7, 4, 1
1318, False, -12, 3, 1
1319, False, -19, 10, 2
1320, False, -8, 5, 1
1321, False, -10, 1, 1
1322, False, -10, 1, 1
1323, False, -8, 5, 0
1324, False, -7, 4, 1
1325, False, -7, 4, 0
1326, False, -8, 5, 1
1327, False, -12, 9, 2
1328, False, -10, 1, 1
1329, False, -7, 4, 1
1330, False, -11, 2, 1
1331, False, -13, 8, 1
1332, False, -10, 1, 1
1333, False, -8, 5, 1
1334, False, -6, 3, 1
1335, False, -14, 7, 0
1336, False, -12, 3, 1
1337, False, -8, 5, 0
1338, False, -11, 2, 1
1339, False, -11, 2, 1
1340, False, -6, 3, 1
1341, False, -13, 4, 2
1342, False, -6, 3, 0
1343, False, -10, 1, 1
1344, False, -11, 2, 1
1345, False, -7, 4, 2
1346, False, -15, 8, 1
1347, False, -9, 6, 2
1348, False, -9, 6, 1
1349, False, -11, 2, 1
1350, False, -12, 9, 0
1351, False, -7, 4, 0
1352, False, -13, 10, 2
1353, False, -8, 5, 1
1354, False, -11, 8, 2
1355, False, -10, 1, 1
1356, False, -9, 6, 1
1357, False, -7, 4, 0
1358, False, -24, 21, 6
1359, False, -18, 7, 3
1360, False, -8, 5, 1
1361, False, -19, 8, 2
1362, False, -11, 2, 1
1363, False, -7, 4, 1
1364, False, -10, 1, 1
1365, False, -20, 17, 3
1366, False, -9, 6, 2
1367, False, -13, 10, 2
1368, False, -9, 6, 1
1369, False, -10, 5, 1
1370, False, -6, 3, 1
1371, False, -9, 4, 1
1372, False, -14, 7, 2
1373, False, -9, 4, 1
1374, False, -17, 10, 1
1375, False, -8, 5, 1
1376, False, -8, 5, 0
1377, False, -11, 8, 1
1378, False, -12, 3, 1
1379, False, -11, 2, 1
1380, False, -6, 3, 1
1381, False, -22, 19, 2
1382, False, -14, 5, 2
1383, False, -8, 5, 1
1384, False, -18, 15, 1
1385, True, 9, 8, 0
1386, False, -8, 5, 1
1387, False, -11, 2, 1
1388, False, -11, 2, 1
1389, False, -11, 2, 1
1390, False, -10, 1, 1
1391, False, -10, 1, 1
1392, False, -12, 3, 1
1393, False, -11, 2, 1
1394, False, -6, 3, 1
1395, False, -7, 4, 1
1396, False, -13, 4, 1
1397, False, -8, 5, 0
1398, False, -14, 5, 2
1399, False, -13, 10, 1
1400, True, 2, 15, 2
1401, False, -22, 19, 7
1402, False, -11, 8, 1
1403, False, -10, 1, 1
1404, False, -9, 6, 1
1405, False, -16, 7, 1
1406, False, -9, 6, 2
1407, False, -10, 1, 1
1408, False, -6, 3, 1
1409, False, -10, 1, 1
1410, False, -10, 7, 1
1411, False, -10, 1, 1
1412, False, -18, 15, 6
1413, False, -11, 2, 1
1414, False, -11, 2, 1
1415, False, -11, 2, 1
1416, False, -10, 1, 1
1417, False, -7, 4, 1
1418, False, -7, 4, 1
1419, False, -9, 6, 1
1420, False, -11, 2, 1
1421, False, -10, 1, 1
1422, False, -13, 10, 2
1423, False, -11, 2, 1
1424, False, -12, 3, 2
1425, False, -13, 4, 2
1426, False, -10, 7, 1
1427, False, -7, 4, 2
1428, False, -10, 7, 3
1429, False, -11, 8, 2
1430, False, -10, 1, 1
1431, False, -12, 3, 1
1432, True, 9, 8, 1
1433, False, -11, 2, 1
1434, False, -9, 6, 1
1435, False, -12, 3, 1
1436, False, -8, 5, 1
1437, False, -13, 10, 1
1438, False, -11, 2, 2
1439, False, -11, 2, 1
1440, False, -18, 15, 1
1441, False, -11, 2, 1
1442, False, -11, 2, 1
1443, False, -11, 2, 1
1444, False, -17, 14, 2
1445, False, -21, 18, 3
1446, False, -7, 4, 1
1447, False, -11, 2, 1
1448, False, -11, 8, 4
1449, True, 11, 6, 1
1450, False, -8, 5, 1
1451, False, -7, 4, 2
1452, False, -8, 5, 3
1453, False, -6, 3, 0
1454, False, -7, 4, 1
1455, False, -12, 3, 2
1456, False, -13, 10, 0
1457, False, -15, 12, 0
1458, False, -10, 1, 1
1459, False, -14, 11, 2
1460, False, -11, 2, 1
1461, False, -12, 9, 3
1462, False, -8, 5, 1
1463, False, -7, 4, 1
1464, False, -10, 1, 1
1465, False, -11, 2, 1
1466, False, -11, 8, 1
1467, False, -12, 9, 1
1468, False, -24, 21, 2
1469, False, -12, 3, 1
1470, False, -11, 2, 1
1471, False, -11, 2, 1
1472, False, -10, 7, 3
1473, False, -9, 6, 2
1474, True, 9, 8, 1
1475, False, -11, 2, 1
1476, False, -13, 4, 1
1477, False, -9, 6, 2
1478, False, -8, 5, 1
1479, False, -12, 3, 3
1480, False, -10, 7, 1
1481, False, -11, 2, 1
1482, False, -10, 7, 1
1483, False, -11, 2, 1
1484, False, -6, 3, 1
1485, False, -8, 5, 1
1486, False, -16, 13, 3
1487, False, -10, 1, 1
1488, False, -12, 3, 1
1489, False, -11, 2, 1
1490, False, -12, 9, 1
1491, False, -9, 6, 1
1492, False, -13, 10, 3
1493, False, -10, 1, 1
1494, False, -13, 10, 1
1495, False, -10, 7, 0
1496, False, -11, 2, 1
1497, False, -8, 5, 1
1498, False, -9, 6, 1
1499, False, -11, 2, 1
1500, False, -12, 3, 1
1501, False, -8, 5, 1
1502, False, -10, 1, 1
1503, False, -12, 3, 1
1504, False, -10, 1, 1
1505, False, -22, 19, 9
1506, False, -11, 8, 0
1507, False, -9, 6, 0
1508, False, -10, 1, 1
1509, True, 3, 14, 3
1510, False, -10, 7, 1
1511, False, -6, 3, 1
1512, False, -14, 11, 1
1513, False, -10, 1, 1
1514, False, -10, 7, 1
1515, False, -11, 2, 1
1516, False, -7, 4, 1
1517, False, -10, 7, 2
1518, False, -7, 4, 1
1519, False, -8, 5, 1
1520, False, -11, 2, 1
1521, False, -10, 1, 1
1522, False, -11, 8, 2
1523, False, -8, 5, 0
1524, False, -7, 4, 1
1525, False, -9, 6, 2
1526, False, -13, 10, 2
1527, False, -7, 4, 0
1528, False, -11, 2, 1
1529, False, -11, 8, 1
1530, False, -6, 3, 1
1531, False, -11, 2, 1
1532, False, -13, 2, 1
1533, False, -13, 4, 1
1534, False, -12, 3, 2
1535, False, -16, 3, 1
1536, False, -11, 2, 1
1537, False, -17, 4, 1
1538, False, -13, 4, 0
1539, False, -11, 2, 0
1540, False, -14, 5, 2
1541, False, -20, 17, 3
1542, False, -16, 13, 3
1543, False, -14, 11, 2
1544, True, 4, 13, 1
1545, False, -11, 2, 1
1546, False, -13, 4, 1
1547, False, -12, 3, 1
1548, False, -11, 8, 2
1549, False, -9, 6, 2
1550, False, -14, 11, 3
1551, False, -22, 19, 6
1552, False, -14, 5, 1
1553, False, -12, 3, 1
1554, False, -12, 3, 1
1555, False, -12, 3, 1
1556, False, -11, 8, 1
1557, False, -13, 10, 1
1558, False, -16, 13, 3
1559, False, -11, 2, 1
1560, False, -11, 2, 1
1561, False, -11, 8, 1
1562, False, -16, 13, 1
1563, False, -8, 5, 1
1564, False, -8, 5, 1
1565, False, -11, 2, 1
1566, False, -9, 6, 1
1567, True, 5, 12, 0
1568, False, -7, 4, 1
1569, False, -13, 10, 1
1570, False, -13, 4, 1
1571, False, -10, 1, 1
1572, False, -13, 4, 1
1573, False, -12, 3, 1
1574, False, -12, 3, 1
1575, False, -12, 3, 1
1576, False, -19, 16, 2
1577, False, -14, 5, 1
1578, False, -11, 2, 1
1579, False, -8, 5, 1
1580, False, -12, 3, 1
1581, False, -13, 4, 1
1582, False, -8, 5, 1
1583, False, -7, 4, 1
1584, False, -15, 6, 2
1585, False, -13, 10, 3
1586, False, -14, 5, 2
1587, False, -13, 4, 1
1588, False, -16, 7, 6
1589, False, -10, 1, 1
1590, False, -12, 3, 2
1591, False, -11, 2, 1
1592, False, -17, 14, 2
1593, False, -12, 9, 1
1594, False, -14, 11, 3
1595, False, -14, 5, 1
1596, False, -11, 2, 1
1597, False, -13, 4, 1
1598, False, -14, 3, 1
1599, False, -13, 4, 0
1600, False, -15, 6, 2
1601, False, -14, 5, 0
1602, False, -13, 4, 1
1603, False, -12, 3, 1
1604, False, -12, 3, 0
1605, False, -14, 5, 0
1606, False, -11, 2, 0
1607, False, -15, 6, 4
1608, False, -12, 3, 1
1609, False, -11, 2, 0
1610, False, -11, 2, 0
1611, False, -11, 2, 0
1612, False, -15, 6, 1
1613, False, -13, 4, 0
1614, False, -10, 1, 1
1615, False, -12, 3, 1
1616, False, -11, 2, 0
1617, False, -11, 2, 0
1618, False, -11, 2, 0
1619, False, -12, 3, 0
1620, False, -13, 4, 0
1621, False, -11, 8, 1
1622, False, -11, 2, 0
1623, False, -13, 4, 0
1624, False, -10, 1, 1
1625, False, -11, 2, 0
1626, False, -12, 3, 0
1627, False, -12, 3, 1
1628, False, -11, 2, 0
1629, False, -11, 2, 0
1630, False, -11, 2, 1
1631, False, -11, 2, 0
1632, False, -13, 4, 1
1633, False, -7, 4, 1
1634, False, -11, 2, 0
1635, False, -11, 2, 0
1636, False, -12, 3, 1
1637, False, -11, 2, 0
1638, False, -12, 3, 1
1639, False, -12, 3, 0
1640, False, -14, 5, 3
1641, False, -12, 3, 1
1642, False, -11, 2, 0
1643, False, -12, 3, 0
1644, False, -12, 3, 0
1645, False, -10, 1, 1
1646, False, -12, 3, 1
1647, False, -12, 3, 1
1648, False, -11, 2, 1
1649, False, -10, 7, 1
1650, False, -11, 2, 0
1651, False, -11, 2, 0
1652, False, -13, 4, 0
1653, False, -10, 1, 1
1654, False, -11, 2, 0
1655, False, -11, 2, 0
1656, False, -12, 3, 0
1657, False, -11, 2, 1
1658, False, -12, 3, 1
1659, False, -11, 2, 0
1660, False, -11, 2, 0
1661, False, -11, 2, 1
1662, False, -11, 2, 0
1663, False, -14, 5, 1
1664, False, -11, 2, 1
1665, False, -11, 2, 0
1666, False, -11, 2, 0
1667, False, -11, 2, 0
1668, False, -13, 4, 2
1669, False, -12, 3, 2
1670, False, -13, 4, 1
1671, False, -11, 2, 0
1672, False, -11, 2, 0
1673, False, -12, 3, 0
1674, False, -10, 1, 1
1675, False, -11, 2, 1
1676, False, -11, 2, 0
1677, False, -11, 2, 0
1678, False, -11, 2, 0
1679, False, -12, 3, 0
1680, False, -13, 4, 0
1681, False, -12, 3, 0
1682, False, -11, 2, 0
1683, False, -11, 2, 1
1684, False, -11, 2, 1
1685, False, -11, 2, 2
1686, False, -11, 2, 0
1687, False, -11, 2, 0
1688, False, -11, 2, 0
1689, False, -11, 2, 1
1690, False, -13, 4, 0
1691, False, -15, 6, 0
1692, False, -11, 2, 0
1693, False, -12, 3, 1
1694, False, -14, 5, 1
1695, False, -12, 3, 0
1696, False, -11, 2, 0
1697, False, -12, 3, 2
1698, False, -15, 6, 3
1699, False, -11, 2, 0
1700, False, -15, 6, 2
1701, False, -11, 2, 1
1702, False, -13, 4, 1
1703, False, -10, 1, 1
1704, False, -11, 2, 1
1705, False, -11, 2, 0
1706, False, -11, 2, 0
1707, False, -11, 8, 2
1708, False, -10, 1, 1
1709, False, -28, 21, 1
1710, False, -12, 9, 2
1711, False, -15, 10, 1
1712, False, -10, 1, 1
1713, False, -11, 2, 1
1714, False, -7, 4, 0
1715, False, -6, 3, 1
1716, False, -11, 2, 0
1717, False, -11, 2, 1
1718, True, 6, 11, 1
1719, False, -11, 2, 1
1720, False, -11, 2, 1
1721, False, -10, 7, 1
1722, False, -6, 3, 1
1723, False, -7, 4, 0
1724, False, -17, 14, 1
1725, False, -10, 1, 1
1726, False, -11, 2, 1
1727, False, -9, 6, 1
1728, False, -11, 2, 0
1729, False, -15, 6, 2
1730, False, -11, 2, 0
1731, False, -10, 1, 1
1732, False, -11, 2, 1
1733, False, -11, 8, 1
1734, False, -10, 1, 1
1735, False, -13, 10, 3
1736, False, -10, 1, 1
1737, False, -11, 2, 1
1738, False, -6, 3, 1
1739, True, 9, 8, 1
1740, False, -13, 4, 1
1741, False, -24, 21, 1
1742, False, -7, 4, 1
1743, True, 4, 13, 2
1744, True, 10, 7, 1
1745, False, -8, 5, 2
1746, False, -11, 2, 2
1747, False, -10, 1, 1
1748, False, -11, 6, 0
1749, False, -12, 3, 1
1750, False, -12, 3, 2
1751, True, -6, 23, 6
1752, False, -11, 2, 1
1753, False, -11, 2, 0
1754, False, -9, 6, 0
1755, False, -9, 6, 1
1756, False, -14, 9, 5
1757, False, -15, 12, 4
1758, False, -9, 6, 2
1759, False, -12, 3, 0
1760, False, -11, 2, 0
1761, False, -10, 1, 1
1762, False, -8, 5, 1
1763, True, 7, 10, 0
1764, False, -11, 2, 0
1765, False, -12, 3, 2
1766, False, -15, 12, 4
1767, False, -10, 1, 1
1768, False, -6, 3, 1
1769, False, -11, 2, 0
1770, False, -6, 3, 1
1771, False, -11, 2, 0
1772, False, -11, 8, 3
1773, False, -9, 6, 1
1774, True, 8, 9, 0
1775, False, -11, 2, 0
1776, False, -44, 23, 5
1777, False, -11, 8, 2
1778, False, -6, 3, 1
1779, False, -10, 1, 1
1780, False, -11, 2, 1
1781, False, -10, 1, 1
1782, False, -9, 6, 0
1783, False, -13, 6, 2
1784, False, -10, 1, 1
1785, False, -11, 2, 0
1786, False, -9, 6, 0
1787, False, -7, 4, 1
1788, False, -13, 4, 2
1789, False, -6, 3, 1
1790, False, -12, 3, 1
1791, False, -11, 2, 1
1792, False, -13, 4, 0
1793, False, -9, 6, 2
1794, False, -11, 2, 1
1795, False, -12, 3, 1
1796, False, -12, 9, 0
1797, False, -12, 9, 2
1798, False, -11, 2, 1
1799, False, -9, 6, 2
1800, False, -10, 7, 0
1801, False, -8, 5, 1
1802, True, 9, 8, 0
1803, False, -11, 2, 0
1804, False, -17, 12, 4
1805, False, -8, 5, 1
1806, False, -10, 1, 1
1807, False, -6, 3, 1
1808, False, -10, 1, 1
1809, False, -7, 4, 1
1810, False, -10, 1, 1
1811, False, -10, 1, 1
1812, False, -13, 10, 2
1813, False, -13, 4, 2
1814, False, -6, 3, 1
1815, False, -9, 6, 2
1816, False, -11, 8, 3
1817, False, -17, 8, 3
1818, False, -10, 1, 1
1819, False, -6, 3, 1
1820, False, -12, 3, 0
1821, False, -11, 2, 1
1822, False, -12, 3, 2
1823, False, -11, 2, 1
1824, False, -12, 9, 0
1825, False, -9, 6, 2
1826, False, -6, 3, 1
1827, False, -10, 7, 0
1828, False, -13, 4, 3
1829, False, -6, 3, 1
1830, True, 4, 13, 2
1831, False, -10, 7, 1
1832, False, -11, 2, 1
1833, False, -7, 4, 0
1834, False, -11, 2, 0
1835, False, -10, 1, 1
1836, False, -11, 2, 1
1837, False, -7, 4, 0
1838, False, -11, 2, 1
1839, False, -13, 4, 1
1840, False, -11, 2, 1
1841, False, -7, 4, 0
1842, False, -6, 3, 1
1843, True, 11, 6, 1
1844, False, -11, 2, 1
1845, False, -10, 7, 1
1846, False, -8, 5, 1
1847, False, -7, 4, 1
1848, False, -10, 1, 1
1849, False, -12, 3, 0
1850, True, 12, 5, 1
1851, False, -8, 5, 1
1852, True, 12, 5, 0
