1, False, -10, 5, 1
2, False, -13, 2, 0
3, False, -11, 2, 0
4, False, -14, 3, 1
5, False, -16, 5, 1
6, False, -15, 8, 1
7, False, -16, 13, 7
8, False, -16, 5, 2
9, False, -16, 5, 1
10, False, -10, 1, 1
11, False, -7, 4, 2
12, False, -11, 2, 1
13, False, -9, 4, 1
14, False, -11, 2, 2
15, False, -30, 19, 4
16, False, -10, 1, 1
17, False, -16, 5, 2
18, False, -11, 2, 1
19, False, -14, 11, 3
20, False, -8, 5, 1
21, False, -24, 7, 2
22, False, -8, 5, 0
23, False, -10, 1, 1
24, False, -16, 5, 1
25, False, -10, 1, 0
26, False, -10, 1, 0
27, False, -6, 3, 1
28, False, -11, 2, 1
29, False, -11, 2, 1
30, False, -18, 11, 2
31, False, -10, 1, 0
32, False, -15, 6, 4
33, False, -15, 4, 0
34, False, -14, 9, 1
35, False, -23, 6, 3
36, False, -13, 4, 3
37, False, -10, 1, 0
38, False, -10, 1, 0
39, False, -11, 2, 1
40, False, -10, 7, 2
41, False, -7, 4, 1
42, False, -15, 4, 1
43, False, -14, 9, 2
44, False, -14, 9, 2
45, False, -10, 1, 0
46, False, -12, 3, 2
47, False, -20, 11, 1
48, False, -10, 1, 0
49, False, -10, 1, 0
50, False, -11, 2, 2
51, False, -10, 1, 1
52, False, -10, 1, 0
53, False, -18, 5, 0
54, False, -10, 1, 0
55, False, -10, 1, 0
56, False, -10, 1, 0
57, False, -24, 17, 3
58, False, -8, 5, 1
59, False, -16, 5, 3
60, False, -8, 5, 0
61, False, -11, 2, 1
62, False, -10, 1, 0
63, False, -10, 1, 0
64, False, -10, 1, 0
65, False, -10, 1, 0
66, False, -11, 2, 1
67, False, -14, 5, 2
68, False, -10, 1, 0
69, False, -10, 1, 0
70, False, -10, 1, 0
71, False, -13, 8, 3
72, False, -11, 2, 1
73, False, -15, 4, 2
74, False, -6, 3, 1
75, False, -9, 6, 2
76, False, -8, 5, 0
77, False, -11, 2, 1
78, False, -11, 6, 1
79, False, -14, 3, 1
80, False, -10, 1, 1
81, False, -15, 4, 0
82, False, -10, 1, 0
83, False, -10, 1, 0
84, False, -10, 1, 0
85, False, -10, 1, 0
86, False, -11, 2, 1
87, False, -16, 5, 3
88, False, -11, 2, 1
89, False, -10, 1, 1
90, False, -17, 4, 2
91, False, -10, 1, 0
92, False, -15, 4, 2
93, False, -10, 1, 0
94, False, -7, 4, 1
95, False, -10, 1, 0
96, False, -11, 2, 0
97, False, -10, 1, 1
98, False, -18, 9, 2
99, False, -17, 4, 2
100, False, -12, 3, 1
101, False, -13, 4, 2
102, False, -11, 2, 1
103, False, -12, 3, 1
104, False, -8, 5, 1
105, False, -11, 2, 1
106, False, -6, 3, 1
107, False, -10, 1, 1
108, False, -12, 3, 1
109, False, -11, 2, 1
110, False, -10, 1, 1
111, False, -31, 16, 3
112, False, -10, 1, 1
113, False, -15, 4, 1
114, False, -11, 8, 1
115, False, -10, 1, 1
116, False, -17, 4, 2
117, False, -10, 1, 1
118, False, -7, 4, 0
119, False, -6, 3, 0
120, False, -7, 4, 0
121, False, -10, 1, 1
122, False, -11, 2, 1
123, False, -11, 6, 1
124, False, -10, 1, 1
125, False, -11, 2, 1
126, False, -8, 5, 2
127, False, -10, 1, 1
128, False, -7, 4, 0
129, False, -9, 6, 3
130, False, -19, 12, 1
131, False, -6, 3, 0
132, False, -10, 1, 1
133, False, -6, 3, 1
134, False, -11, 2, 1
135, False, -7, 4, 0
136, False, -7, 4, 0
137, False, -12, 3, 1
138, False, -7, 4, 1
139, False, -11, 2, 1
140, False, -13, 4, 2
141, False, -12, 3, 2
142, False, -12, 3, 1
143, False, -14, 5, 2
144, False, -9, 6, 1
145, False, -10, 1, 1
146, False, -7, 4, 0
147, False, -7, 4, 0
148, False, -8, 5, 1
149, False, -10, 1, 1
150, False, -7, 4, 0
151, False, -6, 3, 1
152, False, -10, 1, 1
153, False, -7, 4, 1
154, False, -11, 2, 1
155, False, -12, 3, 1
156, False, -10, 7, 1
157, False, -7, 4, 0
158, False, -11, 2, 1
159, False, -11, 2, 1
160, False, -12, 3, 2
161, False, -12, 3, 1
162, False, -13, 4, 2
163, False, -11, 2, 1
164, False, -8, 5, 1
165, False, -13, 4, 2
166, False, -7, 4, 0
167, False, -10, 1, 1
168, False, -10, 1, 1
169, False, -10, 1, 1
170, False, -12, 3, 2
171, False, -13, 4, 2
172, False, -6, 3, 0
173, False, -11, 2, 1
174, False, -7, 4, 0
175, False, -8, 5, 1
176, False, -6, 3, 0
177, False, -9, 6, 1
178, False, -6, 3, 0
179, False, -11, 2, 1
180, False, -8, 5, 0
181, False, -7, 4, 0
182, False, -17, 4, 2
183, False, -7, 4, 1
184, False, -11, 2, 1
185, False, -7, 4, 1
186, False, -7, 4, 0
187, False, -7, 4, 0
188, False, -11, 2, 1
189, False, -6, 3, 1
190, False, -12, 3, 2
191, False, -14, 5, 2
192, False, -7, 4, 0
193, False, -11, 2, 1
194, False, -15, 8, 2
195, False, -28, 21, 7
196, False, -10, 1, 1
197, False, -17, 8, 1
198, False, -12, 3, 2
199, False, -12, 3, 1
200, False, -13, 4, 1
201, False, -17, 8, 1
202, False, -12, 3, 2
203, False, -8, 5, 1
204, False, -24, 15, 2
205, False, -7, 4, 1
206, False, -19, 10, 5
207, False, -13, 4, 2
208, False, -23, 14, 3
209, False, -9, 6, 0
210, False, -11, 2, 1
211, False, -10, 7, 2
212, False, -8, 5, 0
213, False, -25, 10, 5
214, False, -9, 6, 1
215, False, -19, 10, 3
216, False, -14, 5, 3
217, False, -10, 1, 1
218, True, 7, 10, 2
219, False, -12, 3, 1
220, False, -10, 1, 1
221, False, -11, 2, 1
222, False, -14, 3, 2
223, False, -11, 8, 0
224, False, -12, 3, 1
225, False, -9, 6, 1
226, False, -9, 6, 3
227, False, -11, 8, 2
228, False, -8, 5, 2
229, False, -15, 8, 1
230, False, -26, 9, 2
231, False, -7, 4, 1
232, False, -14, 3, 0
233, False, -15, 4, 0
234, False, -14, 5, 2
235, False, -29, 22, 3
236, False, -29, 20, 3
237, False, -12, 3, 1
238, False, -10, 7, 2
239, False, -14, 3, 1
240, False, -11, 2, 2
241, False, -10, 1, 1
242, False, -11, 2, 1
243, False, -10, 1, 1
244, False, -18, 15, 1
245, False, -12, 3, 1
246, False, -11, 8, 1
247, False, -13, 4, 1
248, False, -7, 4, 1
249, False, -16, 7, 3
250, False, -20, 15, 4
251, False, -11, 2, 1
252, False, -12, 3, 1
253, False, -8, 5, 1
254, False, -16, 5, 1
255, False, -10, 1, 0
256, False, -11, 2, 1
257, False, -11, 2, 1
258, False, -10, 1, 0
259, False, -11, 2, 1
260, False, -11, 2, 1
261, False, -12, 3, 2
262, False, -13, 4, 2
263, True, 9, 8, 3
264, False, -9, 6, 1
265, False, -10, 1, 0
266, False, -16, 13, 4
267, False, -10, 1, 1
268, False, -10, 1, 1
269, False, -14, 11, 2
270, False, -10, 1, 1
271, False, -12, 3, 1
272, False, -7, 4, 1
273, False, -7, 4, 1
274, False, -10, 1, 1
275, False, -11, 2, 1
276, False, -12, 3, 1
277, False, -14, 3, 1
278, False, -10, 1, 1
279, False, -13, 4, 2
280, False, -10, 1, 0
281, False, -10, 1, 0
282, False, -8, 5, 0
283, False, -8, 5, 0
284, False, -13, 4, 2
285, False, -12, 3, 2
286, False, -14, 3, 2
287, False, -10, 1, 0
288, False, -10, 1, 1
289, False, -12, 9, 3
290, False, -13, 10, 2
291, False, -12, 3, 1
292, False, -12, 9, 3
293, False, -11, 2, 1
294, False, -10, 1, 0
295, False, -7, 4, 1
296, False, -20, 13, 3
297, False, -10, 1, 1
298, False, -14, 3, 1
299, False, -14, 5, 2
300, False, -10, 1, 1
301, False, -12, 9, 2
302, False, -13, 4, 1
303, False, -11, 2, 2
304, False, -13, 4, 2
305, False, -10, 7, 1
306, False, -16, 5, 1
307, False, -10, 1, 0
308, False, -11, 2, 0
309, False, -10, 1, 1
310, False, -11, 2, 1
311, False, -11, 2, 1
312, False, -10, 1, 1
313, False, -11, 2, 2
314, False, -10, 1, 0
315, False, -11, 2, 1
316, False, -11, 2, 1
317, False, -10, 1, 0
318, False, -11, 2, 2
319, False, -21, 12, 3
320, False, -15, 6, 3
321, False, -10, 7, 1
322, False, -14, 5, 2
323, False, -10, 1, 0
324, False, -11, 2, 1
325, False, -11, 2, 0
326, False, -11, 2, 0
327, False, -11, 8, 1
328, False, -10, 1, 0
329, False, -11, 2, 2
330, False, -11, 2, 1
331, False, -12, 3, 2
332, False, -10, 1, 0
333, False, -29, 12, 3
334, False, -11, 2, 0
335, False, -12, 3, 1
336, False, -13, 4, 2
337, False, -12, 3, 1
338, False, -10, 1, 0
339, False, -10, 1, 0
340, False, -10, 1, 0
341, False, -14, 9, 2
342, False, -10, 1, 0
343, False, -10, 1, 1
344, False, -16, 7, 1
345, False, -19, 16, 3
346, False, -11, 2, 0
347, False, -9, 6, 0
348, False, -12, 3, 1
349, False, -11, 2, 1
350, False, -7, 4, 1
351, False, -8, 5, 1
352, True, 7, 10, 4
353, False, -12, 3, 2
354, False, -12, 9, 3
355, False, -15, 6, 2
356, False, -12, 7, 0
357, False, -16, 9, 0
358, False, -9, 6, 1
359, False, -11, 2, 2
360, False, -13, 4, 2
361, False, -12, 3, 1
362, False, -6, 3, 1
363, False, -7, 4, 1
364, False, -11, 8, 2
365, False, -12, 9, 6
366, False, -11, 2, 1
367, False, -11, 2, 1
368, False, -11, 2, 1
369, False, -13, 4, 2
370, False, -11, 2, 1
371, False, -9, 6, 2
372, False, -14, 9, 2
373, False, -19, 8, 3
374, False, -11, 2, 1
375, False, -12, 3, 1
376, False, -11, 8, 1
377, False, -11, 2, 1
378, False, -8, 5, 0
379, False, -10, 7, 1
380, False, -9, 6, 0
381, False, -10, 1, 1
382, False, -10, 7, 1
383, False, -11, 2, 1
384, False, -12, 9, 5
385, False, -12, 9, 4
386, False, -6, 3, 0
387, False, -11, 2, 2
388, False, -6, 3, 0
389, False, -9, 6, 3
390, False, -10, 1, 1
391, False, -11, 2, 1
392, False, -6, 3, 0
393, False, -9, 6, 2
394, False, -11, 8, 2
395, False, -6, 3, 0
396, False, -10, 1, 1
397, False, -10, 1, 1
398, False, -19, 10, 2
399, False, -10, 1, 1
400, False, -6, 3, 0
401, False, -8, 5, 0
402, False, -7, 4, 1
403, False, -7, 4, 0
404, False, -14, 3, 0
405, False, -8, 5, 1
406, False, -7, 4, 0
407, False, -12, 3, 1
408, False, -11, 2, 1
409, False, -6, 3, 1
410, False, -18, 9, 5
411, False, -10, 1, 1
412, False, -6, 3, 0
413, False, -7, 4, 0
414, False, -11, 2, 1
415, False, -10, 1, 1
416, False, -7, 4, 0
417, False, -12, 3, 2
418, False, -11, 2, 1
419, False, -10, 1, 1
420, False, -7, 4, 0
421, False, -6, 3, 0
422, False, -6, 3, 0
423, False, -17, 14, 4
424, False, -13, 4, 1
425, False, -12, 3, 2
426, False, -12, 3, 1
427, False, -6, 3, 0
428, False, -6, 3, 0
429, False, -6, 3, 0
430, False, -12, 3, 1
431, False, -12, 3, 1
432, False, -12, 3, 2
433, False, -10, 1, 1
434, False, -11, 2, 2
435, False, -7, 4, 0
436, False, -11, 2, 1
437, False, -10, 1, 1
438, False, -15, 4, 2
439, False, -11, 2, 1
440, False, -7, 4, 0
441, False, -14, 3, 0
442, False, -15, 12, 3
443, False, -6, 3, 0
444, False, -6, 3, 0
445, False, -11, 2, 1
446, False, -11, 2, 1
447, False, -11, 2, 1
448, False, -26, 9, 2
449, False, -16, 7, 2
450, False, -18, 9, 2
451, False, -10, 1, 0
452, False, -16, 7, 1
453, False, -11, 2, 2
454, False, -14, 3, 0
455, False, -11, 2, 0
456, False, -10, 1, 1
457, False, -11, 2, 2
458, False, -7, 4, 1
459, False, -6, 3, 0
460, False, -11, 2, 1
461, False, -6, 3, 0
462, False, -6, 3, 0
463, False, -6, 3, 0
464, False, -6, 3, 1
465, False, -11, 2, 1
466, False, -11, 2, 1
467, False, -7, 4, 1
468, False, -13, 4, 2
469, False, -11, 2, 1
470, False, -10, 1, 1
471, False, -11, 2, 1
472, False, -6, 3, 0
473, False, -11, 8, 4
474, False, -11, 2, 1
475, False, -11, 2, 1
476, False, -10, 1, 1
477, False, -11, 8, 1
478, False, -10, 7, 3
479, False, -11, 2, 1
480, False, -12, 9, 3
481, False, -11, 2, 2
482, False, -7, 4, 1
483, False, -11, 2, 1
484, False, -8, 5, 2
485, False, -13, 10, 2
486, False, -7, 4, 1
487, False, -8, 5, 0
488, False, -8, 5, 2
489, False, -13, 4, 2
490, False, -14, 9, 2
491, False, -6, 3, 1
492, False, -7, 4, 1
493, False, -11, 2, 1
494, False, -9, 6, 1
495, False, -18, 13, 2
496, False, -7, 4, 1
497, False, -14, 5, 3
498, False, -11, 2, 1
499, False, -7, 4, 0
500, False, -10, 1, 1
501, False, -7, 4, 2
502, False, -6, 3, 1
503, False, -11, 2, 1
504, False, -10, 1, 1
505, False, -20, 15, 3
506, False, -10, 1, 1
507, False, -8, 5, 1
508, False, -12, 7, 1
509, False, -7, 4, 0
510, False, -6, 3, 1
511, False, -10, 5, 0
512, False, -9, 6, 2
513, False, -7, 4, 0
514, False, -8, 5, 1
515, False, -16, 13, 1
516, False, -11, 6, 1
517, False, -10, 1, 1
518, False, -10, 1, 1
519, False, -17, 14, 1
520, False, -8, 5, 1
521, False, -11, 2, 1
522, False, -7, 4, 1
523, False, -10, 7, 2
524, False, -10, 7, 3
525, False, -7, 4, 2
526, False, -12, 3, 1
527, False, -9, 6, 1
528, False, -6, 3, 1
529, False, -12, 5, 1
530, False, -19, 14, 3
531, False, -12, 3, 2
532, False, -11, 8, 1
533, False, -11, 2, 1
534, False, -10, 1, 1
535, False, -8, 5, 1
536, False, -7, 4, 1
537, False, -7, 4, 1
538, False, -9, 6, 1
539, False, -11, 2, 1
540, False, -10, 1, 1
541, False, -11, 2, 2
542, False, -11, 8, 0
543, False, -10, 1, 1
544, False, -14, 5, 2
545, False, -18, 13, 3
546, False, -11, 2, 1
547, False, -11, 8, 1
548, False, -10, 1, 1
549, False, -11, 2, 1
550, False, -7, 4, 1
551, False, -10, 1, 1
552, False, -8, 5, 2
553, False, -11, 2, 1
554, False, -8, 5, 1
555, False, -7, 4, 1
556, False, -19, 16, 6
557, False, -11, 2, 1
558, False, -14, 11, 3
559, False, -8, 5, 1
560, False, -9, 6, 2
561, False, -11, 2, 1
562, False, -11, 2, 1
563, False, -25, 22, 2
564, False, -6, 3, 1
565, False, -10, 1, 1
566, False, -11, 2, 1
567, False, -14, 11, 3
568, False, -11, 2, 1
569, False, -7, 4, 1
570, False, -12, 3, 2
571, False, -7, 4, 1
572, False, -10, 1, 1
573, False, -9, 6, 1
574, False, -11, 2, 1
575, False, -12, 3, 2
576, False, -8, 5, 2
577, False, -10, 1, 1
578, False, -10, 7, 1
579, False, -18, 9, 2
580, False, -10, 1, 1
581, False, -10, 1, 1
582, False, -13, 10, 1
583, False, -7, 4, 0
584, False, -6, 3, 1
585, False, -11, 2, 1
586, False, -11, 2, 1
587, False, -20, 17, 4
588, False, -11, 2, 1
589, False, -9, 6, 2
590, False, -8, 5, 1
591, False, -14, 11, 3
592, False, -19, 16, 4
593, False, -19, 16, 4
594, False, -12, 9, 3
595, False, -23, 10, 3
596, False, -10, 1, 1
597, True, 9, 8, 3
598, False, -11, 2, 1
599, False, -10, 1, 1
600, False, -8, 5, 2
601, False, -10, 7, 1
602, False, -19, 10, 4
603, False, -17, 14, 1
604, False, -25, 18, 8
605, False, -9, 6, 1
606, False, -15, 12, 2
607, False, -10, 1, 1
608, False, -14, 5, 2
609, False, -11, 2, 1
610, False, -11, 2, 1
611, False, -9, 6, 2
612, False, -11, 8, 2
613, False, -7, 4, 1
614, False, -20, 5, 3
615, False, -23, 18, 0
616, False, -10, 1, 1
617, False, -10, 7, 1
618, False, -15, 12, 1
619, False, -8, 5, 1
620, False, -13, 10, 2
621, False, -11, 2, 1
622, False, -8, 5, 1
623, False, -12, 9, 1
624, False, -17, 14, 5
625, False, -10, 1, 1
626, False, -14, 9, 1
627, False, -15, 10, 0
628, False, -9, 6, 1
629, False, -11, 2, 1
630, False, -8, 5, 2
631, False, -12, 9, 2
632, False, -10, 7, 2
633, False, -10, 7, 2
634, False, -10, 1, 1
635, False, -10, 1, 1
636, False, -10, 7, 1
637, False, -11, 2, 1
638, False, -10, 1, 1
639, False, -11, 2, 1
640, False, -6, 3, 1
641, False, -11, 8, 2
642, False, -10, 1, 1
643, False, -10, 1, 1
644, False, -11, 2, 1
645, False, -11, 8, 1
646, False, -11, 2, 1
647, False, -15, 12, 3
648, False, -10, 1, 1
649, False, -18, 15, 7
650, False, -11, 2, 1
651, False, -13, 10, 2
652, False, -7, 4, 1
653, False, -11, 2, 1
654, False, -10, 1, 1
655, False, -14, 11, 2
656, False, -11, 8, 1
657, False, -11, 8, 1
658, False, -10, 1, 1
659, False, -11, 2, 1
660, False, -9, 6, 1
661, False, -17, 12, 1
662, False, -9, 6, 1
663, False, -11, 8, 1
664, False, -10, 7, 1
665, False, -11, 2, 1
666, False, -10, 1, 1
667, False, -10, 1, 1
668, False, -22, 19, 2
669, False, -13, 10, 4
670, False, -13, 10, 2
671, False, -11, 2, 1
672, False, -10, 1, 1
673, False, -17, 14, 5
674, False, -27, 24, 10
675, False, -12, 9, 4
676, False, -11, 2, 1
677, False, -16, 13, 2
678, True, 10, 7, 1
679, False, -11, 2, 1
680, False, -10, 1, 1
681, False, -11, 8, 2
682, False, -11, 2, 1
683, False, -13, 10, 2
684, False, -10, 1, 1
685, False, -11, 8, 1
686, True, 0, 17, 6
687, False, -10, 7, 2
688, True, -1, 18, 3
689, False, -7, 4, 2
690, False, -11, 2, 1
691, False, -11, 8, 2
692, False, -11, 2, 1
693, False, -19, 10, 2
694, False, -17, 8, 1
695, False, -11, 2, 1
696, False, -13, 4, 1
697, False, -10, 1, 1
698, False, -13, 4, 1
699, False, -11, 8, 1
700, False, -13, 4, 1
701, False, -13, 4, 1
702, False, -13, 4, 1
703, False, -11, 2, 1
704, False, -14, 5, 2
705, False, -14, 5, 1
706, False, -14, 5, 2
707, False, -12, 3, 2
708, False, -13, 4, 1
709, False, -14, 5, 1
710, True, 6, 11, 0
711, False, -14, 5, 1
712, False, -12, 3, 1
713, False, -11, 2, 1
714, False, -14, 5, 0
715, False, -13, 4, 1
716, False, -10, 1, 1
717, False, -17, 8, 3
718, False, -11, 2, 2
719, False, -16, 7, 2
720, False, -11, 2, 1
721, False, -13, 4, 1
722, False, -15, 12, 2
723, False, -11, 2, 1
724, False, -10, 1, 1
725, False, -15, 6, 0
726, False, -10, 1, 1
727, False, -13, 4, 0
728, False, -12, 3, 0
729, False, -12, 3, 0
730, False, -11, 2, 1
731, False, -11, 2, 0
732, False, -11, 2, 1
733, False, -15, 6, 2
734, False, -11, 2, 0
735, False, -11, 2, 0
736, False, -12, 3, 0
737, False, -14, 5, 1
738, False, -11, 2, 1
739, False, -12, 3, 2
740, False, -11, 2, 1
741, False, -24, 11, 4
742, False, -10, 1, 1
743, False, -12, 3, 1
744, False, -11, 2, 0
745, False, -11, 2, 1
746, False, -12, 3, 0
747, False, -11, 2, 0
748, False, -11, 2, 0
749, False, -12, 3, 1
750, False, -12, 3, 0
751, False, -18, 9, 0
752, False, -11, 2, 1
753, False, -11, 2, 0
754, False, -12, 3, 0
755, False, -13, 4, 2
756, False, -10, 1, 1
757, False, -12, 3, 1
758, False, -15, 6, 4
759, False, -11, 2, 1
760, False, -16, 7, 1
761, False, -11, 2, 0
762, False, -13, 4, 0
763, False, -11, 2, 1
764, False, -11, 2, 0
765, False, -15, 6, 3
766, False, -11, 2, 0
767, False, -13, 4, 1
768, False, -10, 1, 1
769, False, -10, 7, 1
770, False, -11, 2, 1
771, False, -11, 2, 2
772, False, -12, 3, 0
773, False, -16, 7, 3
774, False, -11, 2, 0
775, False, -12, 3, 0
776, False, -13, 4, 0
777, False, -12, 3, 0
778, False, -11, 2, 0
779, False, -13, 4, 2
780, False, -16, 5, 0
781, False, -12, 3, 1
782, False, -12, 3, 1
783, False, -11, 2, 2
784, False, -11, 2, 0
785, False, -11, 2, 0
786, False, -11, 2, 0
787, False, -12, 3, 0
788, False, -11, 2, 0
789, False, -12, 3, 1
790, False, -11, 2, 0
791, False, -13, 4, 2
792, False, -15, 6, 1
793, False, -12, 3, 0
794, False, -26, 9, 3
795, False, -12, 3, 1
796, False, -10, 1, 1
797, False, -11, 2, 0
798, False, -11, 2, 0
799, False, -11, 2, 1
800, False, -12, 3, 1
801, False, -11, 2, 0
802, False, -11, 2, 0
803, False, -11, 2, 0
804, False, -14, 5, 0
805, False, -11, 2, 0
806, False, -15, 6, 2
807, False, -11, 2, 1
808, False, -14, 5, 1
809, False, -11, 2, 1
810, False, -11, 2, 0
811, False, -15, 6, 2
812, False, -12, 3, 2
813, False, -12, 3, 0
814, False, -14, 5, 0
815, False, -12, 3, 2
816, False, -11, 2, 1
817, False, -11, 2, 0
818, False, -11, 2, 0
819, False, -11, 8, 2
820, False, -11, 2, 0
821, False, -11, 2, 0
822, False, -12, 3, 0
823, False, -11, 2, 0
824, False, -11, 2, 1
825, False, -10, 1, 1
826, False, -16, 7, 2
827, False, -12, 3, 1
828, False, -11, 2, 0
829, False, -13, 4, 1
830, False, -12, 3, 0
831, False, -11, 2, 1
832, False, -11, 2, 1
833, False, -37, 12, 5
834, False, -13, 4, 2
835, False, -11, 2, 1
836, False, -11, 2, 0
837, False, -15, 4, 2
838, False, -15, 6, 0
839, False, -15, 4, 2
840, False, -10, 1, 1
841, False, -10, 1, 1
842, False, -10, 1, 1
843, False, -10, 1, 1
844, False, -11, 2, 1
845, False, -10, 1, 1
846, False, -11, 2, 1
847, False, -11, 2, 0
848, False, -12, 3, 1
849, False, -11, 2, 0
850, False, -12, 3, 1
851, False, -12, 3, 2
852, False, -11, 2, 1
853, False, -14, 5, 0
854, False, -10, 1, 1
855, False, -11, 2, 1
856, False, -11, 2, 0
857, False, -15, 6, 1
858, False, -14, 5, 2
859, False, -11, 2, 0
860, False, -12, 3, 0
861, False, -14, 5, 1
862, False, -14, 5, 1
863, False, -11, 2, 1
864, False, -11, 2, 1
865, False, -14, 5, 2
866, False, -11, 2, 0
867, False, -10, 1, 1
868, False, -11, 2, 0
869, False, -10, 1, 1
870, False, -13, 4, 3
871, False, -14, 5, 2
872, False, -12, 3, 0
873, False, -13, 4, 0
874, False, -13, 4, 0
875, False, -11, 2, 0
876, False, -11, 2, 0
877, False, -11, 2, 1
878, False, -11, 2, 1
879, False, -13, 4, 1
880, False, -10, 1, 1
881, False, -11, 2, 1
882, False, -12, 3, 0
883, False, -11, 2, 1
884, False, -14, 5, 3
885, False, -12, 3, 2
886, False, -11, 2, 0
887, False, -12, 3, 1
888, False, -10, 1, 1
889, False, -15, 6, 0
890, False, -11, 2, 0
891, False, -18, 9, 3
892, False, -10, 1, 1
893, False, -10, 1, 1
894, False, -11, 2, 2
895, False, -12, 3, 0
896, False, -14, 5, 2
897, False, -11, 2, 1
898, False, -13, 4, 2
899, False, -18, 9, 1
900, False, -11, 2, 0
901, False, -12, 3, 0
902, False, -11, 2, 1
903, False, -16, 7, 2
904, False, -11, 2, 1
905, False, -11, 2, 2
906, False, -12, 3, 1
907, False, -11, 2, 1
908, False, -12, 3, 2
909, False, -12, 3, 2
910, False, -11, 2, 0
911, False, -11, 2, 0
912, False, -14, 3, 1
913, False, -14, 5, 1
914, False, -10, 1, 1
915, False, -16, 7, 1
916, False, -14, 5, 1
917, False, -11, 2, 0
918, False, -11, 2, 0
919, False, -10, 1, 1
920, False, -11, 2, 0
921, False, -12, 9, 2
922, False, -15, 4, 1
923, False, -13, 4, 1
924, False, -10, 1, 1
925, False, -11, 2, 0
926, False, -13, 4, 0
927, False, -12, 3, 1
928, False, -11, 2, 0
929, False, -12, 3, 0
930, False, -11, 2, 0
931, False, -11, 2, 1
932, False, -11, 2, 0
933, False, -11, 2, 1
934, False, -11, 2, 1
935, False, -11, 2, 0
936, False, -13, 4, 2
937, False, -11, 2, 0
938, False, -12, 3, 0
939, False, -11, 2, 0
940, False, -11, 2, 1
941, False, -11, 2, 0
942, False, -11, 2, 0
943, False, -11, 2, 1
944, False, -14, 5, 3
945, False, -11, 2, 1
946, False, -11, 2, 0
947, False, -12, 3, 1
948, False, -10, 1, 1
949, False, -11, 2, 1
950, False, -15, 6, 0
951, False, -15, 6, 2
952, False, -12, 3, 2
953, False, -28, 9, 1
954, False, -11, 2, 1
955, False, -12, 3, 0
956, False, -12, 3, 0
957, False, -11, 2, 0
958, False, -12, 3, 2
959, False, -11, 2, 0
960, False, -11, 2, 1
961, False, -13, 4, 1
962, False, -14, 5, 3
963, False, -13, 4, 0
964, False, -14, 5, 0
965, False, -11, 2, 1
966, False, -11, 2, 0
967, False, -18, 9, 2
968, False, -12, 3, 0
969, False, -13, 4, 1
970, False, -11, 2, 1
971, False, -23, 6, 0
972, False, -13, 4, 0
973, False, -14, 5, 0
974, False, -12, 3, 1
975, False, -11, 2, 1
976, False, -11, 2, 1
977, False, -11, 2, 0
978, False, -10, 1, 1
979, False, -11, 2, 0
980, False, -11, 2, 2
981, False, -14, 5, 2
982, False, -15, 6, 1
983, False, -12, 3, 0
984, False, -12, 3, 1
985, False, -11, 2, 0
986, False, -13, 4, 1
987, False, -12, 3, 0
988, False, -12, 3, 0
989, False, -15, 4, 1
990, False, -12, 3, 2
991, False, -11, 2, 1
992, False, -12, 3, 1
993, False, -13, 4, 1
994, False, -11, 2, 1
995, False, -12, 3, 1
996, False, -11, 2, 0
997, False, -11, 2, 0
998, False, -12, 3, 0
999, False, -10, 1, 1
1000, False, -11, 2, 0
1001, False, -12, 3, 1
1002, False, -13, 4, 2
1003, False, -13, 4, 0
1004, False, -11, 2, 0
1005, False, -12, 3, 0
1006, False, -11, 2, 1
1007, False, -11, 2, 0
1008, False, -10, 1, 1
1009, False, -11, 2, 1
1010, False, -16, 5, 0
1011, False, -11, 2, 0
1012, False, -10, 1, 1
1013, False, -11, 2, 0
1014, False, -11, 2, 1
1015, False, -11, 2, 1
1016, False, -11, 2, 0
1017, False, -12, 3, 0
1018, False, -11, 2, 1
1019, False, -10, 1, 1
1020, False, -10, 1, 1
1021, False, -11, 2, 1
1022, False, -10, 1, 1
1023, False, -11, 2, 1
1024, False, -11, 2, 0
1025, False, -11, 2, 0
1026, False, -16, 7, 0
1027, False, -11, 2, 1
1028, False, -11, 2, 0
1029, False, -14, 5, 0
1030, False, -12, 3, 0
1031, False, -11, 8, 1
1032, False, -11, 2, 2
1033, False, -11, 2, 1
1034, False, -13, 4, 0
1035, False, -11, 2, 0
1036, False, -11, 2, 0
1037, False, -11, 2, 0
1038, False, -11, 2, 1
1039, False, -11, 2, 0
1040, False, -11, 2, 0
1041, False, -10, 1, 1
1042, False, -12, 3, 1
1043, False, -11, 2, 0
1044, False, -12, 3, 0
1045, False, -11, 2, 1
1046, False, -11, 2, 0
1047, False, -11, 2, 0
1048, False, -10, 1, 1
1049, False, -11, 2, 1
1050, False, -15, 6, 4
1051, False, -11, 2, 0
1052, False, -12, 3, 0
1053, False, -13, 4, 0
1054, False, -12, 3, 0
1055, False, -11, 2, 1
1056, False, -11, 2, 1
1057, False, -12, 3, 0
1058, False, -12, 3, 2
1059, False, -11, 2, 1
1060, False, -11, 2, 0
1061, False, -12, 3, 0
1062, False, -12, 3, 0
1063, False, -10, 1, 1
1064, False, -11, 2, 0
1065, False, -12, 3, 1
1066, False, -12, 3, 0
1067, False, -11, 2, 1
1068, False, -13, 4, 1
1069, False, -11, 2, 1
1070, False, -13, 4, 0
1071, False, -11, 2, 0
1072, False, -12, 3, 1
1073, False, -10, 1, 1
1074, False, -11, 2, 0
1075, False, -11, 2, 1
1076, False, -10, 1, 1
1077, False, -12, 3, 0
1078, False, -11, 2, 0
1079, False, -13, 4, 1
1080, False, -11, 2, 1
1081, False, -13, 4, 0
1082, False, -12, 3, 2
1083, False, -11, 2, 1
1084, False, -11, 2, 0
1085, False, -10, 1, 1
1086, False, -16, 7, 1
1087, False, -11, 2, 1
1088, False, -10, 7, 0
1089, False, -7, 4, 2
1090, False, -13, 4, 1
1091, False, -11, 2, 1
1092, False, -6, 3, 1
1093, False, -10, 1, 1
1094, False, -11, 2, 1
1095, False, -13, 4, 1
1096, False, -10, 1, 1
1097, False, -11, 2, 1
1098, False, -11, 2, 1
1099, False, -16, 13, 4
1100, False, -11, 2, 1
1101, False, -11, 2, 1
1102, False, -11, 2, 0
1103, False, -10, 1, 1
1104, False, -11, 2, 1
1105, False, -13, 4, 0
1106, False, -12, 9, 1
1107, False, -12, 3, 0
1108, False, -32, 17, 5
1109, False, -13, 2, 1
1110, False, -11, 2, 1
1111, False, -11, 8, 1
1112, False, -12, 3, 1
1113, False, -12, 3, 0
1114, False, -11, 2, 1
1115, False, -9, 6, 2
1116, True, 7, 10, 0
1117, False, -11, 2, 1
1118, False, -10, 1, 1
1119, False, -9, 6, 2
1120, False, -6, 3, 1
1121, False, -6, 3, 1
1122, False, -13, 4, 3
1123, False, -11, 2, 1
1124, False, -6, 3, 1
1125, False, -15, 12, 3
1126, False, -7, 4, 1
1127, False, -8, 5, 1
1128, True, -1, 18, 4
1129, False, -8, 5, 0
1130, False, -11, 2, 1
1131, False, -11, 2, 1
1132, False, -6, 3, 1
1133, False, -10, 1, 1
1134, False, -13, 4, 2
1135, True, -2, 19, 4
1136, False, -10, 1, 1
1137, False, -29, 24, 5
1138, False, -12, 9, 2
1139, False, -12, 9, 1
1140, False, -11, 2, 1
1141, False, -11, 2, 1
1142, False, -10, 1, 1
1143, False, -11, 6, 2
1144, False, -8, 5, 2
1145, False, -11, 2, 1
1146, False, -6, 3, 1
1147, False, -11, 2, 1
1148, False, -11, 2, 1
1149, False, -14, 11, 2
1150, False, -11, 2, 1
1151, False, -11, 2, 2
1152, False, -12, 3, 1
1153, False, -6, 3, 1
1154, False, -10, 1, 1
1155, False, -11, 2, 1
1156, False, -17, 14, 2
1157, False, -6, 3, 1
1158, False, -10, 1, 1
1159, False, -10, 7, 1
1160, False, -11, 2, 1
1161, False, -10, 1, 1
1162, False, -12, 3, 1
1163, False, -8, 5, 1
1164, False, -10, 7, 1
1165, False, -12, 3, 1
1166, False, -7, 4, 0
1167, False, -6, 3, 1
1168, False, -9, 6, 2
1169, False, -6, 3, 1
1170, False, -7, 4, 1
1171, False, -8, 5, 1
1172, False, -10, 7, 2
1173, False, -10, 1, 1
1174, False, -6, 3, 1
1175, False, -10, 7, 1
1176, False, -17, 14, 1
1177, False, -10, 1, 1
1178, False, -11, 2, 1
1179, False, -7, 4, 1
1180, False, -9, 6, 1
1181, False, -11, 2, 1
1182, False, -14, 3, 3
1183, False, -12, 3, 1
1184, False, -7, 4, 1
1185, False, -11, 2, 1
1186, False, -10, 7, 1
1187, False, -7, 4, 1
1188, False, -11, 2, 1
1189, False, -10, 7, 1
1190, False, -13, 10, 0
1191, False, -7, 4, 1
1192, False, -14, 11, 2
1193, False, -10, 1, 1
1194, False, -9, 6, 2
1195, False, -23, 14, 1
1196, False, -8, 5, 1
1197, False, -7, 4, 0
1198, True, 10, 7, 1
1199, False, -11, 2, 1
1200, False, -7, 4, 1
1201, False, -10, 1, 1
1202, False, -10, 1, 1
1203, False, -11, 2, 1
1204, False, -10, 1, 1
1205, False, -11, 2, 1
1206, False, -11, 2, 1
1207, False, -9, 6, 2
1208, False, -14, 11, 2
1209, False, -10, 1, 1
1210, False, -7, 4, 1
1211, False, -10, 1, 1
1212, False, -15, 12, 2
1213, False, -7, 4, 2
1214, False, -10, 1, 1
1215, False, -7, 4, 1
1216, False, -11, 2, 1
1217, False, -8, 5, 2
1218, True, 3, 14, 2
1219, False, -11, 2, 1
1220, False, -6, 3, 1
1221, False, -13, 4, 1
1222, False, -13, 4, 2
1223, False, -6, 3, 1
1224, False, -6, 3, 1
1225, False, -15, 12, 4
1226, False, -7, 4, 2
1227, False, -12, 9, 0
1228, False, -11, 2, 1
1229, False, -12, 9, 1
1230, False, -9, 6, 1
1231, True, 5, 12, 2
1232, False, -6, 3, 1
1233, False, -11, 2, 1
1234, False, -11, 2, 1
1235, False, -11, 8, 1
1236, False, -12, 3, 1
1237, False, -12, 3, 1
1238, False, -11, 2, 1
1239, True, 3, 14, 2
1240, False, -11, 2, 1
1241, False, -11, 8, 1
1242, False, -7, 4, 1
1243, False, -7, 4, 0
1244, False, -11, 2, 1
1245, False, -11, 2, 1
1246, False, -10, 1, 1
1247, False, -12, 9, 2
1248, False, -10, 1, 1
1249, False, -10, 7, 2
1250, False, -11, 2, 1
1251, True, 5, 12, 3
1252, False, -9, 6, 1
1253, False, -11, 2, 1
1254, False, -11, 2, 1
1255, False, -10, 1, 1
1256, False, -11, 2, 1
1257, False, -10, 1, 1
1258, False, -11, 2, 1
1259, False, -13, 4, 3
1260, False, -10, 7, 2
1261, False, -11, 8, 3
1262, False, -6, 3, 1
1263, False, -6, 3, 1
1264, False, -8, 5, 0
1265, False, -12, 9, 2
1266, False, -12, 9, 0
1267, False, -11, 2, 2
1268, False, -10, 1, 1
1269, False, -11, 2, 1
1270, False, -11, 2, 1
1271, False, -10, 7, 0
1272, False, -13, 10, 3
1273, False, -10, 1, 1
1274, False, -10, 7, 3
1275, False, -6, 3, 1
1276, False, -11, 2, 1
1277, False, -15, 12, 2
1278, False, -10, 1, 1
1279, False, -11, 2, 1
1280, False, -11, 2, 1
1281, False, -9, 6, 1
1282, False, -6, 3, 1
1283, False, -7, 4, 1
1284, False, -6, 3, 1
1285, False, -11, 8, 0
1286, False, -13, 4, 2
1287, False, -6, 3, 1
1288, False, -7, 4, 1
1289, False, -9, 6, 2
1290, False, -10, 1, 1
1291, False, -10, 7, 4
1292, False, -11, 2, 1
1293, False, -7, 4, 0
1294, False, -10, 1, 1
1295, False, -11, 2, 1
1296, False, -7, 4, 0
1297, False, -11, 2, 1
1298, False, -13, 4, 1
1299, False, -11, 2, 1
1300, False, -7, 4, 0
1301, False, -7, 4, 0
1302, False, -13, 10, 1
1303, False, -7, 4, 0
1304, False, -9, 6, 2
1305, False, -7, 4, 1
1306, False, -10, 1, 1
1307, False, -6, 3, 1
1308, False, -14, 5, 2
1309, False, -9, 6, 2
1310, False, -12, 9, 2
1311, False, -8, 5, 1
1312, True, 9, 8, 1
1313, False, -6, 3, 1
1314, False, -11, 2, 1
1315, False, -10, 1, 1
1316, False, -14, 5, 3
1317, False, -11, 8, 1
1318, False, -8, 5, 1
1319, False, -11, 2, 1
1320, False, -8, 5, 1
1321, False, -10, 1, 1
1322, False, -9, 6, 1
1323, False, -8, 5, 1
1324, False, -11, 2, 1
1325, False, -10, 1, 1
1326, False, -11, 2, 1
1327, False, -10, 7, 1
1328, False, -8, 5, 0
1329, False, -17, 8, 2
1330, False, -7, 4, 0
1331, False, -8, 5, 1
1332, False, -11, 2, 1
1333, False, -7, 4, 2
1334, False, -11, 2, 1
1335, False, -10, 1, 1
1336, False, -7, 4, 0
1337, False, -10, 1, 1
1338, False, -10, 1, 1
1339, True, -7, 24, 5
1340, False, -7, 4, 0
1341, False, -11, 2, 1
1342, False, -11, 2, 1
1343, False, -10, 1, 1
1344, False, -11, 2, 1
1345, False, -11, 2, 1
1346, False, -19, 4, 2
1347, False, -11, 2, 1
1348, False, -12, 3, 2
1349, False, -8, 5, 1
1350, False, -8, 5, 1
1351, False, -7, 4, 1
1352, False, -13, 4, 1
1353, False, -8, 5, 0
1354, False, -11, 2, 1
1355, False, -10, 7, 3
1356, False, -10, 1, 1
1357, False, -10, 1, 1
1358, False, -28, 25, 4
1359, False, -11, 2, 1
1360, False, -10, 1, 1
1361, False, -10, 1, 1
1362, False, -12, 3, 1
1363, False, -15, 6, 2
1364, False, -10, 1, 1
1365, False, -7, 4, 1
1366, False, -9, 6, 0
1367, False, -11, 2, 2
1368, False, -8, 5, 1
1369, False, -18, 5, 2
1370, False, -7, 4, 1
1371, False, -11, 2, 1
1372, False, -10, 1, 1
1373, False, -7, 4, 1
1374, False, -8, 5, 0
1375, False, -14, 11, 3
1376, False, -13, 10, 3
1377, False, -11, 8, 2
1378, False, -11, 2, 1
1379, False, -10, 7, 0
1380, False, -6, 3, 1
1381, False, -7, 4, 0
1382, False, -10, 1, 1
1383, False, -11, 2, 1
1384, False, -13, 4, 2
1385, False, -8, 5, 1
1386, False, -10, 1, 1
1387, False, -6, 3, 1
1388, False, -11, 2, 1
1389, False, -11, 2, 1
1390, False, -7, 4, 1
1391, False, -6, 3, 1
1392, False, -8, 5, 0
1393, False, -12, 9, 2
1394, False, -11, 2, 1
1395, False, -10, 7, 1
1396, False, -12, 9, 1
1397, False, -8, 5, 1
1398, False, -10, 7, 1
1399, False, -18, 15, 2
1400, False, -10, 1, 1
1401, True, 8, 9, 1
1402, False, -7, 4, 1
1403, False, -10, 1, 1
1404, False, -11, 2, 1
1405, False, -6, 3, 1
1406, False, -9, 6, 1
1407, False, -7, 4, 0
1408, False, -13, 4, 2
1409, False, -8, 5, 2
1410, False, -6, 3, 1
1411, False, -7, 4, 0
1412, True, 8, 9, 2
1413, False, -12, 9, 1
1414, False, -7, 4, 0
1415, False, -10, 1, 1
1416, False, -16, 13, 2
1417, False, -7, 4, 1
1418, False, -11, 2, 1
1419, False, -11, 2, 1
1420, False, -18, 15, 4
1421, False, -11, 2, 1
1422, False, -8, 5, 1
1423, False, -11, 2, 1
1424, False, -13, 4, 1
1425, False, -8, 5, 2
1426, False, -11, 2, 1
1427, False, -6, 3, 1
1428, False, -6, 3, 1
1429, False, -10, 1, 1
1430, False, -12, 9, 3
1431, False, -11, 2, 1
1432, False, -9, 6, 0
1433, False, -11, 2, 1
1434, False, -9, 6, 0
1435, False, -11, 2, 1
1436, False, -8, 5, 1
1437, False, -7, 4, 1
1438, False, -11, 2, 1
1439, False, -13, 4, 2
1440, False, -12, 3, 1
1441, False, -6, 3, 1
1442, False, -12, 3, 3
1443, False, -7, 4, 1
1444, False, -13, 10, 3
1445, False, -6, 3, 1
1446, False, -11, 2, 1
1447, False, -7, 4, 0
1448, False, -6, 3, 1
1449, False, -7, 4, 0
1450, True, 9, 8, 2
1451, False, -11, 2, 1
1452, False, -7, 4, 0
1453, False, -17, 10, 1
1454, False, -8, 5, 1
1455, False, -7, 4, 0
1456, False, -8, 5, 0
1457, False, -11, 2, 1
1458, False, -11, 2, 2
1459, False, -8, 5, 2
1460, False, -12, 9, 1
1461, False, -9, 6, 2
1462, False, -10, 1, 1
1463, False, -7, 4, 1
1464, False, -6, 3, 1
1465, False, -6, 3, 1
1466, False, -12, 3, 2
1467, False, -7, 4, 1
1468, False, -9, 6, 0
1469, False, -9, 6, 0
1470, False, -11, 8, 1
1471, False, -11, 2, 1
1472, False, -11, 2, 1
1473, False, -6, 3, 1
1474, False, -10, 1, 1
1475, True, 10, 7, 0
1476, False, -11, 8, 2
1477, False, -8, 5, 1
1478, True, 8, 9, 0
1479, False, -8, 5, 0
1480, False, -8, 5, 0
1481, False, -11, 8, 3
1482, False, -6, 3, 1
1483, False, -12, 3, 1
1484, False, -11, 2, 1
1485, False, -9, 6, 2
1486, False, -10, 7, 3
1487, False, -7, 4, 1
1488, False, -12, 3, 1
1489, False, -11, 8, 1
1490, False, -11, 2, 2
1491, False, -12, 9, 3
1492, False, -10, 1, 1
1493, False, -7, 4, 0
1494, False, -7, 4, 0
1495, False, -9, 6, 0
1496, False, -11, 8, 2
1497, False, -10, 1, 1
1498, False, -11, 2, 1
1499, False, -11, 2, 1
1500, False, -7, 4, 0
1501, False, -11, 2, 1
1502, False, -11, 2, 1
1503, False, -8, 5, 1
1504, False, -11, 8, 3
1505, False, -15, 12, 4
1506, False, -10, 1, 1
1507, False, -11, 2, 1
1508, False, -11, 6, 2
1509, False, -7, 4, 0
1510, False, -14, 11, 4
1511, False, -12, 3, 2
1512, False, -7, 4, 0
1513, False, -7, 4, 0
1514, False, -8, 5, 1
1515, False, -9, 6, 1
1516, False, -12, 3, 1
1517, False, -12, 9, 2
1518, False, -12, 9, 1
1519, False, -7, 4, 1
1520, False, -11, 2, 1
1521, False, -10, 1, 1
1522, False, -8, 5, 1
1523, False, -6, 3, 1
1524, False, -10, 1, 1
1525, False, -12, 3, 2
1526, False, -7, 4, 1
1527, False, -11, 2, 1
1528, False, -8, 5, 0
1529, False, -8, 5, 1
1530, False, -7, 4, 0
1531, False, -11, 8, 1
1532, False, -13, 10, 1
1533, False, -9, 6, 2
1534, False, -11, 2, 1
1535, False, -9, 6, 0
1536, False, -12, 9, 2
1537, False, -9, 6, 1
1538, False, -11, 2, 1
1539, False, -11, 2, 1
1540, False, -11, 2, 1
1541, False, -9, 6, 1
1542, False, -7, 4, 0
1543, False, -7, 4, 1
1544, False, -7, 4, 0
1545, False, -8, 5, 2
1546, False, -8, 5, 1
1547, False, -7, 4, 0
1548, False, -11, 2, 1
1549, False, -8, 5, 2
1550, False, -11, 2, 1
1551, False, -10, 1, 1
1552, False, -11, 2, 1
1553, False, -11, 2, 1
1554, False, -10, 1, 1
1555, False, -10, 1, 1
1556, False, -8, 5, 0
1557, False, -11, 2, 1
1558, False, -8, 5, 0
1559, False, -7, 4, 0
1560, False, -7, 4, 0
1561, False, -7, 4, 0
1562, False, -7, 4, 0
1563, False, -10, 7, 1
1564, False, -10, 1, 1
1565, False, -7, 4, 1
1566, False, -11, 2, 1
1567, True, 5, 12, 3
1568, False, -12, 3, 1
1569, False, -11, 2, 1
1570, False, -11, 2, 1
1571, False, -11, 2, 1
1572, False, -11, 2, 1
1573, True, 6, 11, 0
1574, False, -10, 1, 1
1575, False, -10, 7, 1
1576, False, -9, 6, 0
1577, False, -9, 6, 0
1578, False, -8, 5, 0
1579, False, -8, 5, 1
1580, False, -20, 11, 3
1581, False, -8, 5, 0
1582, False, -10, 1, 1
1583, False, -8, 5, 1
1584, False, -14, 5, 3
1585, False, -11, 2, 1
1586, False, -10, 7, 1
1587, False, -12, 3, 1
1588, False, -11, 2, 1
1589, False, -7, 4, 1
1590, False, -11, 2, 1
1591, False, -8, 5, 1
1592, False, -10, 1, 1
1593, False, -8, 5, 1
1594, False, -11, 2, 1
1595, False, -7, 4, 0
1596, False, -11, 6, 2
1597, False, -14, 5, 1
1598, False, -12, 7, 1
1599, False, -10, 1, 1
1600, False, -11, 2, 1
1601, False, -6, 3, 1
1602, False, -12, 9, 1
1603, False, -13, 4, 2
1604, False, -8, 5, 1
1605, False, -11, 8, 1
1606, False, -10, 1, 1
1607, False, -11, 2, 1
1608, True, 5, 10, 3
1609, False, -8, 5, 2
1610, False, -10, 5, 1
1611, False, -11, 2, 1
1612, True, 10, 7, 0
1613, False, -9, 6, 1
1614, False, -12, 3, 1
1615, False, -11, 2, 1
1616, False, -11, 8, 4
1617, True, 10, 7, 0
1618, False, -12, 3, 1
1619, False, -12, 9, 2
1620, False, -11, 2, 1
1621, False, -11, 2, 1
1622, False, -8, 5, 1
1623, False, -22, 19, 5
1624, False, -10, 1, 1
1625, False, -11, 2, 1
1626, False, -11, 2, 1
1627, False, -11, 8, 2
1628, False, -10, 1, 1
1629, False, -11, 2, 1
1630, False, -7, 4, 2
1631, False, -9, 6, 2
1632, False, -10, 7, 2
1633, False, -7, 4, 0
1634, False, -11, 2, 1
1635, False, -12, 9, 2
1636, False, -13, 4, 1
1637, False, -11, 2, 1
1638, False, -10, 7, 2
1639, False, -11, 2, 1
1640, False, -12, 3, 1
1641, False, -10, 1, 1
1642, False, -10, 7, 1
1643, False, -10, 1, 1
1644, True, 10, 7, 0
1645, False, -11, 2, 2
1646, False, -8, 5, 1
1647, False, -11, 2, 1
1648, True, 10, 7, 0
1649, False, -13, 10, 3
1650, False, -7, 4, 1
1651, False, -12, 3, 1
1652, False, -8, 5, 1
1653, False, -11, 8, 2
1654, False, -16, 9, 2
1655, False, -10, 1, 1
1656, False, -7, 4, 1
1657, False, -17, 10, 2
1658, True, 10, 7, 1
1659, True, 10, 7, 0
1660, False, -12, 9, 4
1661, False, -7, 4, 1
1662, False, -10, 1, 1
1663, False, -12, 3, 1
1664, True, 10, 7, 1
1665, False, -11, 2, 1
1666, False, -8, 5, 1
1667, False, -12, 3, 1
1668, False, -11, 2, 1
1669, True, 6, 11, 1
1670, False, -10, 1, 1
1671, False, -12, 3, 1
1672, False, -13, 4, 2
1673, True, 10, 7, 0
1674, False, -7, 4, 0
1675, False, -11, 2, 1
1676, False, -12, 3, 1
1677, False, -13, 2, 1
1678, False, -11, 2, 1
1679, False, -10, 1, 1
1680, False, -10, 1, 1
1681, False, -12, 3, 1
1682, False, -13, 4, 0
1683, False, -13, 4, 1
1684, False, -11, 2, 0
1685, False, -11, 2, 0
1686, False, -11, 2, 0
1687, False, -12, 3, 1
1688, False, -16, 7, 1
1689, False, -11, 2, 0
1690, False, -10, 1, 1
1691, True, 9, 8, 0
1692, False, -11, 2, 1
1693, False, -11, 2, 1
1694, False, -11, 2, 1
1695, False, -10, 1, 1
1696, False, -10, 1, 1
1697, False, -11, 2, 0
1698, False, -11, 2, 1
1699, False, -10, 1, 1
1700, False, -11, 2, 0
1701, False, -13, 4, 1
1702, False, -13, 10, 4
1703, False, -12, 3, 1
1704, False, -11, 2, 0
1705, False, -10, 1, 1
1706, False, -17, 12, 3
1707, False, -13, 4, 3
1708, False, -12, 3, 0
1709, False, -11, 2, 0
1710, False, -11, 2, 1
1711, False, -10, 1, 1
1712, False, -10, 1, 1
1713, False, -7, 4, 2
1714, False, -12, 3, 1
1715, False, -11, 2, 1
1716, True, 10, 7, 0
1717, True, 6, 11, 2
1718, False, -15, 12, 3
1719, True, 10, 7, 0
1720, False, -13, 4, 2
1721, True, 10, 7, 0
1722, False, -12, 3, 1
1723, True, 10, 7, 0
1724, True, 8, 9, 2
1725, False, -11, 2, 1
1726, True, 10, 7, 0
1727, False, -6, 3, 1
1728, False, -12, 3, 1
1729, False, -6, 3, 1
1730, True, 10, 7, 0
1731, False, -6, 3, 1
1732, False, -8, 5, 2
1733, False, -9, 6, 1
1734, False, -11, 2, 1
1735, False, -11, 2, 1
1736, False, -12, 3, 1
1737, False, -13, 2, 1
1738, False, -11, 2, 0
1739, False, -11, 2, 1
1740, False, -11, 2, 0
1741, False, -11, 2, 0
1742, False, -14, 5, 0
1743, False, -10, 1, 1
1744, False, -11, 2, 0
1745, False, -8, 5, 1
1746, False, -15, 6, 2
1747, False, -11, 2, 0
1748, False, -10, 1, 1
1749, True, 10, 7, 0
1750, False, -12, 3, 2
1751, False, -11, 2, 1
1752, False, -7, 4, 1
1753, False, -12, 3, 1
1754, False, -13, 4, 1
1755, False, -12, 3, 1
1756, False, -12, 3, 2
1757, False, -12, 3, 0
1758, False, -7, 4, 1
1759, False, -12, 3, 0
1760, False, -12, 3, 1
1761, True, 10, 7, 0
1762, False, -10, 1, 1
1763, False, -11, 2, 1
1764, False, -10, 1, 1
1765, False, -21, 8, 2
1766, False, -13, 4, 3
1767, False, -7, 4, 1
1768, False, -11, 2, 0
1769, False, -12, 3, 0
1770, False, -11, 2, 1
1771, False, -10, 1, 1
1772, False, -12, 3, 1
1773, False, -11, 2, 1
1774, False, -12, 3, 0
1775, False, -11, 2, 0
1776, False, -11, 2, 1
1777, True, 10, 7, 0
1778, False, -11, 2, 1
1779, False, -12, 3, 2
1780, True, 10, 7, 0
1781, False, -12, 3, 0
1782, False, -10, 1, 1
1783, False, -12, 3, 1
1784, False, -11, 2, 0
1785, False, -8, 5, 1
1786, True, 10, 7, 0
1787, False, -10, 7, 2
1788, False, -9, 6, 1
1789, False, -10, 7, 1
1790, False, -13, 4, 2
1791, True, 10, 7, 0
1792, False, -13, 4, 2
1793, True, 10, 7, 0
1794, False, -12, 3, 0
1795, False, -11, 2, 2
1796, False, -11, 2, 1
1797, False, -13, 4, 3
1798, False, -10, 1, 1
1799, False, -9, 6, 1
1800, False, -11, 2, 0
1801, False, -11, 2, 1
1802, False, -11, 2, 1
1803, False, -11, 2, 1
1804, False, -11, 2, 0
1805, False, -11, 2, 2
1806, False, -11, 2, 0
1807, False, -11, 2, 0
1808, False, -11, 2, 0
1809, False, -13, 4, 1
1810, False, -11, 2, 0
1811, False, -10, 1, 1
1812, False, -13, 4, 0
1813, False, -12, 3, 1
1814, False, -11, 8, 2
1815, False, -10, 1, 1
1816, False, -11, 2, 0
1817, False, -12, 3, 1
1818, False, -11, 2, 0
1819, False, -11, 2, 2
1820, False, -12, 3, 0
1821, False, -10, 1, 1
1822, False, -10, 1, 1
1823, False, -11, 2, 0
1824, False, -12, 9, 1
1825, False, -12, 9, 2
1826, False, -11, 2, 0
1827, False, -12, 3, 1
1828, False, -11, 2, 0
1829, False, -7, 4, 1
1830, False, -12, 3, 1
1831, False, -15, 12, 4
1832, False, -11, 2, 0
1833, False, -12, 3, 1
1834, False, -13, 10, 1
1835, False, -10, 7, 3
1836, False, -14, 5, 2
1837, True, 9, 8, 1
1838, False, -12, 3, 1
1839, False, -8, 5, 1
1840, True, 6, 9, 1
1841, False, -12, 3, 1
1842, False, -10, 1, 1
1843, True, 10, 7, 0
1844, True, 10, 7, 0
1845, False, -15, 6, 3
1846, False, -8, 5, 2
1847, False, -12, 3, 1
1848, False, -11, 8, 1
1849, False, -15, 6, 4
1850, False, -11, 2, 1
1851, False, -13, 4, 3
1852, False, -10, 1, 1
1853, False, -12, 3, 1
1854, False, -10, 1, 1
1855, True, 10, 7, 0
1856, False, -11, 2, 1
1857, True, 10, 7, 0
1858, True, 10, 7, 0
1859, False, -12, 3, 1
1860, False, -11, 8, 3
1861, True, -2, 19, 4
1862, False, -12, 3, 1
1863, False, -10, 1, 1
1864, False, -7, 4, 1
1865, False, -12, 3, 1
1866, False, -12, 7, 2
1867, False, -13, 4, 1
1868, False, -21, 14, 2
1869, False, -12, 3, 1
1870, False, -14, 5, 1
1871, False, -11, 2, 2
1872, False, -13, 4, 1
1873, False, -7, 4, 0
1874, True, 3, 14, 1
1875, False, -7, 4, 0
1876, False, -13, 4, 1
1877, False, -10, 1, 1
1878, True, 9, 8, 0
1879, False, -10, 1, 1
1880, False, -11, 2, 0
1881, False, -8, 5, 0
1882, False, -12, 3, 1
1883, False, -12, 3, 1
1884, False, -11, 2, 0
1885, False, -10, 1, 1
1886, False, -11, 2, 1
1887, False, -13, 4, 1
1888, False, -12, 3, 1
1889, False, -12, 3, 1
1890, False, -11, 2, 1
1891, False, -10, 1, 1
1892, False, -11, 2, 1
1893, False, -12, 3, 2
1894, False, -11, 2, 1
1895, False, -7, 4, 0
1896, False, -10, 1, 1
1897, False, -11, 2, 2
1898, False, -8, 5, 1
1899, False, -11, 2, 1
1900, False, -14, 5, 2
1901, False, -10, 1, 1
1902, False, -7, 4, 0
1903, False, -14, 5, 2
1904, False, -10, 1, 1
1905, False, -11, 2, 2
1906, False, -14, 5, 2
1907, False, -17, 4, 3
1908, False, -11, 2, 1
1909, False, -12, 3, 1
1910, False, -13, 4, 1
1911, False, -9, 6, 0
1912, False, -14, 5, 1
1913, False, -11, 2, 0
1914, False, -15, 12, 1
1915, False, -11, 2, 1
1916, False, -11, 2, 2
1917, False, -11, 2, 0
1918, False, -14, 5, 1
1919, False, -10, 1, 1
1920, False, -11, 2, 1
1921, False, -11, 2, 1
1922, False, -13, 4, 1
1923, False, -12, 3, 2
1924, False, -11, 2, 0
1925, False, -10, 7, 0
1926, False, -14, 3, 2
1927, False, -12, 3, 2
1928, False, -11, 2, 1
1929, False, -10, 1, 1
1930, False, -14, 5, 1
1931, False, -12, 3, 0
1932, False, -10, 7, 3
1933, False, -6, 3, 1
1934, False, -11, 2, 0
1935, False, -11, 2, 0
1936, False, -11, 2, 0
1937, False, -8, 5, 1
1938, False, -12, 3, 0
1939, False, -11, 2, 0
1940, False, -11, 2, 0
1941, False, -10, 7, 1
1942, False, -11, 2, 0
1943, False, -10, 1, 1
1944, False, -10, 1, 1
1945, False, -11, 2, 0
1946, False, -11, 2, 0
1947, False, -16, 13, 2
1948, False, -13, 4, 1
1949, False, -11, 2, 0
1950, False, -11, 2, 1
1951, False, -14, 5, 1
1952, False, -11, 2, 0
1953, False, -15, 6, 0
1954, False, -10, 1, 1
1955, False, -11, 2, 1
1956, False, -13, 4, 3
1957, False, -11, 2, 1
1958, False, -12, 3, 2
1959, False, -14, 3, 1
1960, False, -10, 1, 1
1961, False, -10, 1, 1
1962, False, -11, 2, 0
1963, False, -11, 2, 1
1964, True, 10, 7, 0
1965, False, -11, 2, 1
1966, False, -10, 1, 1
1967, False, -9, 6, 2
1968, False, -12, 3, 2
1969, False, -11, 8, 0
1970, False, -11, 2, 0
1971, False, -11, 2, 0
1972, False, -11, 2, 0
1973, False, -10, 1, 1
1974, False, -12, 3, 0
1975, False, -14, 5, 1
1976, False, -11, 2, 0
1977, False, -11, 2, 0
1978, False, -10, 1, 1
1979, False, -11, 2, 0
1980, False, -11, 2, 1
1981, False, -11, 2, 0
1982, False, -11, 2, 0
1983, False, -9, 6, 1
1984, False, -11, 2, 0
1985, False, -13, 4, 1
1986, False, -13, 4, 0
1987, False, -10, 1, 1
1988, False, -7, 4, 1
1989, False, -11, 2, 0
1990, False, -13, 4, 1
1991, False, -11, 2, 1
1992, False, -12, 3, 1
1993, False, -12, 3, 2
1994, False, -14, 5, 1
1995, False, -11, 2, 1
1996, False, -10, 1, 1
1997, False, -12, 3, 1
1998, False, -10, 1, 1
1999, False, -11, 2, 0
2000, False, -7, 4, 1
2001, False, -21, 6, 3
2002, False, -11, 2, 0
2003, False, -10, 1, 1
2004, True, 7, 10, 2
2005, True, 7, 10, 1
2006, False, -11, 2, 0
2007, False, -14, 3, 0
2008, False, -11, 2, 0
2009, False, -13, 4, 1
2010, False, -12, 3, 0
2011, False, -12, 3, 0
2012, False, -13, 4, 0
2013, False, -10, 1, 1
2014, False, -11, 2, 0
2015, False, -12, 3, 0
2016, False, -6, 3, 1
2017, False, -11, 2, 1
2018, False, -8, 5, 2
2019, False, -11, 2, 0
2020, False, -11, 2, 0
2021, False, -11, 2, 1
2022, False, -11, 2, 1
2023, False, -6, 3, 1
2024, False, -10, 1, 1
2025, False, -12, 3, 1
2026, False, -11, 2, 1
2027, False, -11, 2, 1
2028, False, -8, 5, 0
2029, False, -12, 3, 1
2030, False, -11, 2, 0
2031, False, -10, 1, 1
2032, False, -11, 2, 1
2033, False, -11, 2, 1
2034, False, -9, 6, 2
2035, False, -11, 8, 2
2036, False, -21, 18, 4
2037, False, -12, 5, 1
2038, False, -12, 3, 1
2039, False, -11, 2, 1
2040, False, -11, 2, 0
2041, False, -11, 2, 0
2042, True, 9, 8, 0
2043, False, -11, 2, 1
2044, True, 5, 12, 2
2045, False, -12, 3, 0
2046, False, -10, 1, 1
2047, False, -11, 2, 1
2048, False, -11, 2, 0
2049, False, -11, 2, 0
2050, False, -6, 3, 1
2051, False, -11, 2, 0
2052, False, -11, 2, 1
2053, False, -11, 2, 1
2054, False, -11, 2, 1
2055, False, -11, 2, 1
2056, False, -13, 4, 1
2057, False, -6, 3, 1
2058, False, -11, 2, 1
2059, False, -11, 2, 0
2060, False, -11, 2, 0
2061, False, -11, 2, 2
2062, False, -11, 2, 1
2063, False, -10, 1, 1
2064, False, -10, 1, 1
2065, True, 3, 14, 3
2066, False, -11, 2, 0
2067, True, 7, 10, 1
2068, False, -11, 2, 1
2069, False, -8, 5, 2
2070, False, -11, 2, 0
2071, False, -11, 2, 0
2072, False, -11, 2, 0
2073, False, -10, 1, 1
2074, False, -11, 2, 0
2075, False, -11, 2, 0
2076, False, -11, 2, 0
2077, True, 9, 8, 1
2078, False, -10, 1, 1
2079, False, -11, 2, 1
2080, False, -12, 3, 1
2081, False, -11, 2, 1
2082, False, -11, 2, 1
2083, False, -7, 4, 1
2084, False, -11, 2, 2
2085, False, -8, 5, 1
2086, False, -11, 2, 2
2087, False, -11, 8, 1
2088, False, -6, 3, 1
2089, False, -8, 5, 1
2090, False, -6, 3, 1
2091, False, -11, 2, 1
2092, False, -6, 3, 1
2093, False, -13, 10, 2
2094, False, -7, 4, 1
2095, False, -12, 3, 1
2096, False, -7, 4, 1
2097, False, -12, 3, 2
2098, False, -8, 5, 2
2099, False, -11, 2, 1
2100, False, -11, 2, 1
2101, True, 11, 6, 0
2102, False, -10, 1, 1
2103, False, -10, 7, 1
2104, False, -9, 6, 1
2105, False, -13, 10, 3
2106, False, -7, 4, 1
2107, False, -11, 2, 1
2108, False, -10, 1, 1
2109, True, 9, 8, 0
2110, False, -10, 1, 1
2111, False, -11, 2, 1
2112, False, -10, 1, 1
2113, False, -10, 7, 1
2114, False, -11, 2, 2
2115, False, -11, 2, 1
2116, False, -12, 3, 2
2117, False, -11, 2, 1
2118, False, -6, 3, 1
2119, False, -10, 7, 1
2120, False, -11, 2, 1
2121, False, -6, 3, 1
2122, False, -13, 2, 1
2123, False, -9, 6, 1
2124, False, -6, 3, 1
2125, True, 9, 8, 0
2126, False, -11, 2, 1
2127, False, -10, 7, 1
2128, False, -31, 8, 2
2129, False, -13, 4, 0
2130, False, -11, 2, 1
2131, False, -13, 4, 1
2132, False, -11, 2, 1
2133, False, -11, 2, 0
2134, True, 9, 8, 0
2135, False, -11, 2, 0
2136, True, 9, 8, 1
2137, False, -11, 2, 0
2138, False, -11, 2, 0
2139, False, -8, 5, 1
2140, False, -11, 2, 0
2141, False, -12, 3, 2
2142, False, -11, 2, 1
2143, False, -10, 1, 1
2144, False, -6, 3, 2
2145, False, -10, 7, 2
2146, False, -11, 2, 1
2147, False, -7, 4, 1
2148, False, -8, 5, 0
2149, False, -7, 4, 1
2150, False, -7, 4, 1
2151, False, -6, 3, 1
2152, False, -10, 1, 1
2153, False, -11, 2, 2
2154, False, -10, 1, 1
2155, False, -6, 3, 1
2156, False, -7, 4, 1
2157, False, -11, 2, 1
2158, False, -7, 4, 1
2159, False, -10, 1, 1
2160, False, -13, 4, 2
2161, False, -11, 2, 1
2162, False, -11, 2, 1
2163, False, -8, 5, 0
2164, False, -9, 6, 1
2165, False, -7, 4, 1
2166, False, -12, 3, 1
2167, False, -11, 2, 1
2168, False, -7, 4, 1
2169, False, -12, 9, 1
2170, False, -11, 2, 1
2171, False, -7, 4, 0
2172, False, -6, 3, 1
2173, False, -10, 5, 0
2174, False, -7, 4, 0
2175, False, -10, 1, 1
2176, False, -11, 2, 1
2177, False, -8, 5, 0
2178, False, -11, 2, 1
2179, True, 3, 14, 1
2180, False, -9, 6, 1
2181, False, -7, 4, 0
2182, False, -7, 4, 0
2183, False, -8, 5, 1
2184, False, -7, 4, 0
2185, False, -11, 2, 1
2186, False, -7, 4, 0
2187, False, -11, 2, 1
2188, False, -11, 2, 1
2189, False, -11, 2, 1
2190, False, -7, 4, 0
2191, True, 11, 6, 1
2192, False, -12, 3, 2
2193, False, -10, 7, 1
2194, False, -6, 3, 1
2195, False, -11, 2, 1
2196, False, -11, 2, 1
2197, False, -10, 1, 1
2198, False, -11, 2, 2
2199, False, -11, 2, 1
2200, False, -11, 2, 1
2201, False, -11, 2, 1
2202, False, -7, 4, 0
2203, False, -12, 3, 2
2204, False, -10, 1, 1
2205, False, -7, 4, 0
2206, False, -7, 4, 0
2207, False, -7, 4, 0
2208, False, -6, 3, 1
2209, False, -7, 4, 0
2210, False, -17, 6, 1
2211, False, -7, 4, 0
2212, False, -10, 1, 1
2213, False, -11, 2, 1
2214, False, -12, 3, 1
2215, False, -21, 12, 1
2216, False, -11, 2, 1
2217, False, -8, 5, 2
2218, False, -10, 1, 1
2219, False, -11, 2, 1
2220, False, -13, 4, 1
2221, False, -7, 4, 1
2222, False, -7, 4, 1
2223, False, -11, 2, 1
2224, False, -13, 4, 2
2225, False, -11, 2, 1
2226, False, -7, 4, 1
2227, False, -11, 2, 1
2228, False, -10, 1, 1
2229, False, -10, 7, 1
2230, False, -7, 4, 1
2231, False, -11, 2, 1
2232, True, 10, 7, 2
2233, False, -11, 2, 1
2234, False, -7, 4, 0
2235, False, -7, 4, 1
2236, False, -7, 4, 0
2237, False, -8, 5, 0
2238, False, -8, 5, 0
2239, False, -6, 3, 1
2240, False, -11, 2, 1
2241, False, -12, 3, 2
2242, False, -11, 2, 1
2243, False, -11, 2, 1
2244, False, -10, 1, 1
2245, False, -6, 3, 1
2246, False, -12, 3, 1
2247, False, -11, 2, 1
2248, False, -7, 4, 0
2249, False, -10, 1, 1
2250, False, -11, 2, 1
2251, False, -10, 1, 1
2252, False, -11, 2, 1
2253, False, -6, 3, 1
2254, True, 11, 6, 0
2255, False, -7, 4, 1
2256, False, -9, 6, 1
2257, False, -7, 4, 0
2258, False, -7, 4, 0
2259, False, -13, 10, 5
2260, False, -11, 2, 1
2261, False, -11, 2, 1
2262, False, -45, 28, 5
2263, False, -10, 1, 1
2264, False, -11, 2, 1
2265, False, -7, 4, 0
2266, False, -7, 4, 0
2267, False, -6, 3, 1
2268, False, -8, 5, 1
2269, False, -11, 2, 1
2270, False, -26, 17, 1
2271, False, -7, 4, 0
2272, False, -7, 4, 0
2273, False, -7, 4, 2
2274, False, -12, 3, 2
2275, False, -6, 3, 1
2276, False, -11, 2, 1
2277, False, -10, 7, 1
2278, False, -11, 2, 1
2279, False, -13, 10, 3
2280, False, -10, 1, 1
2281, False, -14, 5, 2
2282, False, -11, 2, 1
2283, False, -10, 7, 3
2284, False, -6, 3, 1
2285, False, -8, 5, 1
2286, False, -9, 6, 1
2287, False, -11, 2, 2
2288, False, -9, 6, 1
2289, False, -9, 6, 0
2290, False, -13, 4, 1
2291, False, -11, 2, 1
2292, False, -11, 2, 1
2293, False, -7, 4, 0
2294, False, -10, 1, 1
2295, False, -7, 4, 0
2296, False, -7, 4, 0
2297, False, -11, 8, 2
2298, False, -13, 2, 1
2299, False, -12, 3, 1
2300, False, -13, 4, 1
2301, False, -12, 3, 1
2302, False, -7, 4, 0
2303, False, -11, 2, 1
2304, False, -10, 1, 1
2305, False, -10, 1, 1
2306, False, -8, 5, 0
2307, False, -17, 4, 2
2308, False, -10, 1, 1
2309, False, -6, 3, 1
2310, False, -14, 5, 3
2311, False, -12, 3, 1
2312, False, -20, 17, 3
2313, True, 7, 10, 1
2314, False, -17, 8, 3
2315, False, -10, 1, 1
2316, False, -11, 2, 1
2317, False, -8, 5, 0
2318, False, -7, 4, 1
2319, False, -8, 5, 0
2320, False, -10, 1, 1
2321, False, -8, 5, 0
2322, False, -9, 6, 1
2323, False, -10, 1, 1
2324, False, -8, 5, 0
2325, False, -7, 4, 1
2326, False, -7, 4, 0
2327, False, -7, 4, 0
2328, False, -8, 5, 0
2329, True, 11, 6, 0
2330, False, -11, 8, 3
2331, False, -6, 3, 1
2332, False, -7, 4, 1
2333, False, -7, 4, 0
2334, False, -11, 2, 1
2335, False, -10, 1, 1
2336, False, -12, 3, 1
2337, False, -13, 10, 4
2338, False, -11, 2, 2
2339, False, -8, 5, 0
2340, False, -12, 3, 1
2341, False, -8, 5, 0
2342, False, -15, 6, 3
2343, False, -10, 1, 1
2344, False, -8, 5, 0
2345, False, -10, 1, 1
2346, False, -8, 5, 2
2347, False, -12, 3, 1
2348, False, -10, 1, 1
2349, False, -8, 5, 1
2350, False, -11, 2, 2
2351, False, -7, 4, 0
2352, False, -7, 4, 0
2353, False, -7, 4, 0
2354, False, -8, 5, 1
2355, False, -12, 3, 1
2356, False, -8, 5, 1
2357, False, -10, 1, 1
2358, False, -9, 6, 2
2359, False, -11, 2, 1
2360, False, -9, 6, 1
2361, False, -15, 6, 2
2362, False, -10, 1, 1
2363, False, -6, 3, 3
2364, False, -13, 4, 2
2365, False, -7, 4, 1
2366, False, -8, 5, 1
2367, False, -7, 4, 0
2368, False, -8, 5, 0
2369, False, -7, 4, 0
2370, False, -7, 4, 1
2371, False, -10, 1, 1
2372, False, -10, 1, 1
2373, False, -10, 7, 1
2374, False, -11, 2, 1
2375, False, -10, 1, 1
2376, False, -10, 7, 2
2377, False, -10, 7, 2
2378, False, -14, 5, 1
2379, False, -12, 3, 1
2380, False, -13, 10, 0
2381, False, -9, 6, 0
2382, False, -7, 4, 0
2383, False, -12, 7, 2
2384, False, -10, 1, 1
2385, False, -9, 6, 1
2386, False, -8, 5, 1
2387, True, 8, 9, 0
2388, False, -9, 6, 2
2389, False, -12, 3, 2
2390, False, -9, 6, 1
2391, False, -12, 9, 1
2392, False, -9, 6, 2
2393, False, -8, 5, 1
2394, False, -12, 3, 1
2395, False, -28, 17, 3
2396, False, -11, 2, 1
2397, False, -11, 6, 0
2398, False, -8, 5, 1
2399, False, -12, 3, 1
2400, False, -9, 6, 3
2401, False, -10, 7, 1
2402, False, -10, 1, 1
2403, False, -18, 15, 3
2404, False, -12, 3, 1
2405, False, -11, 6, 2
2406, True, 4, 13, 0
2407, False, -11, 2, 1
2408, False, -12, 3, 1
2409, False, -13, 4, 2
2410, False, -9, 6, 0
2411, False, -9, 6, 0
2412, False, -12, 3, 1
2413, False, -9, 6, 1
2414, False, -13, 4, 1
2415, False, -8, 5, 0
2416, False, -10, 7, 0
2417, False, -7, 4, 1
2418, False, -6, 3, 1
2419, False, -12, 3, 1
2420, False, -13, 4, 3
2421, False, -7, 4, 1
2422, False, -10, 1, 1
2423, False, -10, 1, 1
2424, False, -11, 2, 1
2425, False, -10, 1, 1
2426, False, -12, 3, 1
2427, False, -9, 6, 1
2428, False, -12, 3, 1
2429, False, -11, 2, 1
2430, False, -11, 2, 1
2431, False, -7, 4, 1
2432, False, -7, 4, 1
2433, False, -9, 6, 0
2434, False, -7, 4, 0
2435, False, -13, 4, 2
2436, False, -15, 6, 2
2437, False, -8, 5, 0
2438, False, -8, 5, 1
2439, False, -12, 3, 1
2440, False, -12, 3, 3
2441, True, 7, 10, 3
2442, False, -12, 3, 1
2443, False, -12, 9, 1
2444, False, -7, 4, 1
2445, False, -8, 5, 0
2446, False, -13, 4, 2
2447, False, -7, 4, 1
2448, False, -8, 5, 0
2449, False, -12, 3, 2
2450, False, -8, 5, 1
2451, False, -11, 2, 1
2452, False, -10, 7, 2
2453, False, -18, 13, 4
2454, False, -11, 2, 1
2455, False, -14, 3, 2
2456, False, -8, 5, 0
2457, False, -11, 2, 1
2458, False, -7, 4, 0
2459, False, -11, 2, 1
2460, False, -10, 1, 1
2461, False, -7, 4, 1
2462, False, -8, 5, 0
2463, False, -8, 5, 0
2464, False, -10, 1, 1
2465, False, -13, 10, 2
2466, False, -11, 2, 1
2467, False, -8, 5, 0
2468, False, -10, 7, 1
2469, False, -10, 1, 1
2470, False, -8, 5, 0
2471, False, -12, 3, 2
2472, False, -10, 1, 1
2473, False, -19, 10, 5
2474, False, -8, 5, 0
2475, False, -10, 1, 1
2476, False, -13, 4, 1
2477, False, -14, 5, 2
2478, False, -10, 5, 1
2479, False, -11, 2, 1
2480, False, -11, 2, 1
2481, False, -7, 4, 0
2482, False, -9, 6, 0
2483, False, -8, 5, 1
2484, False, -12, 9, 2
2485, False, -10, 1, 1
2486, False, -8, 5, 0
2487, False, -8, 5, 0
2488, False, -10, 1, 1
2489, False, -11, 2, 1
2490, False, -8, 5, 1
2491, True, 10, 7, 0
2492, False, -7, 4, 1
2493, False, -11, 2, 1
2494, False, -15, 6, 4
2495, False, -12, 3, 1
2496, False, -11, 2, 1
2497, False, -8, 5, 0
2498, False, -11, 2, 1
2499, False, -29, 8, 2
2500, False, -6, 3, 1
2501, False, -7, 4, 1
2502, False, -12, 3, 1
2503, False, -8, 5, 1
2504, False, -7, 4, 0
2505, False, -8, 5, 0
2506, False, -9, 6, 2
2507, True, 8, 9, 1
2508, True, 11, 6, 0
2509, False, -8, 5, 0
2510, False, -10, 7, 2
2511, False, -12, 3, 2
2512, False, -11, 2, 1
2513, False, -11, 2, 1
2514, False, -8, 5, 0
2515, False, -12, 3, 1
2516, True, 11, 6, 0
2517, False, -12, 3, 1
2518, False, -11, 2, 1
2519, False, -10, 1, 1
2520, True, 10, 7, 0
2521, False, -12, 3, 1
2522, False, -11, 2, 1
2523, False, -7, 4, 1
2524, True, 12, 5, 0
